
0;3
0;5
0;8
0;12
0;15
0;17
0;21
0;24
0;27
0;30
0;32
0;35
0;38
0;41
0;44
0;49
0;52
0;55
0;58
0;61
0;64
0;67
0;70
0;72
0;75
0;78
0;81
0;85
0;87
0;90
0;93
0;96
0;99
0;102
0;104
0;108
0;111
0;114
0;117
0;121
0;124
0;127
0;130
0;133
0;136
0;138
0;141
0;145
0;148
0;151
0;154
0;157
0;160
0;162
0;165
0;168
0;171
0;175
0;177
0;181
0;183
0;187
0;190
0;194
0;195
0;200
0;203
0;206
0;208
0;211
0;213
0;216
0;221
0;224
0;227
0;229
0;231
0;235
0;237
0;241
0;243
0;246
0;249
0;252
0;255
0;258
0;262
0;265
0;269
0;272
0;273
0;277
0;281
0;283
0;286
0;290
0;291
0;294
0;297
0;300
0;304
0;306
0;309
0;312
0;315
0;320
0;323
0;326
0;328
0;331
0;335
0;338
0;340
0;343
0;346
0;349
0;352
0;355
0;358
0;361
0;364
0;367
0;370
0;373
0;376
0;379
0;382
0;385
0;388
0;391
0;393
0;397
0;400
0;402
0;406
0;409
0;411
0;414
0;417
0;421
0;423
0;427
0;429
0;434
0;437
0;440
0;443
0;446
0;448
0;452
0;455
0;456
0;459
0;462
0;465
0;468
0;473
0;474
0;478
0;482
0;484
0;488
0;491
0;494
0;496
0;499
0;501
0;505
0;507
0;511
0;515
0;518
0;521
0;523
0;527
0;530
0;533
0;536
0;539
0;541
0;544
0;548
0;551
0;553
0;556
0;560
0;563
0;566
0;568
0;572
0;575
0;578
0;580
0;584
0;588
0;590
0;593
0;596
0;600
0;603
0;606
0;608
0;612
0;615
0;617
0;620
0;624
0;626
0;629
0;633
0;636
0;640
0;643
0;646
0;649
0;651
0;654
0;658
0;661
0;663
0;666
0;671
0;672
0;677
0;679
0;682
0;685
0;688
0;691
0;693
0;697
0;700
0;704
0;707
0;710
0;713
0;716
0;719
0;722
0;725
0;728
0;732
0;734
0;737
0;740
0;743
0;746
0;750
0;753
0;755
0;758
0;762
0;764
0;768
0;771
0;775
0;778
0;781
0;784
0;786
0;789
0;792
0;795
0;797
0;800
0;803
0;806
0;809
0;812
0;815
0;818
0;821
0;824
0;827
0;830
0;833
0;836
0;839
0;842
0;845
0;848
0;851
0;854
0;857
0;860
0;863
0;866
0;869
0;872
0;875
0;878
0;881
0;884
0;887
0;890
0;893
0;896
0;899
0;902
0;905
0;908
0;911
0;914
0;917
0;920
0;923
0;926
0;929
0;932
0;935
0;938
0;941
0;944
0;947
0;950
0;953
0;956
0;959
0;962
0;965
0;968
0;971
0;974
0;977
0;980
0;983
0;986
0;989
0;992
0;995
0;998
0;1001
0;1004
0;1007
0;1010
0;1013
0;1017
0;1019
0;1023
0;1026
0;1028
0;1031
0;1034
0;1037
0;1041
0;1044
0;1046
0;1050
0;1052
0;1056
0;1059
0;1062
0;1065
0;1068
0;1071
0;1074
0;1077
0;1080
0;1083
0;1085
0;1089
0;1091
0;1095
0;1098
0;1101
0;1103
0;1106
0;1109
0;1112
0;1115
0;1118
0;1121
0;1124
0;1127
0;1130
0;1133
0;1136
0;1139
0;1142
0;1145
0;1148
0;1151
0;1154
0;1157
0;1159
0;1163
0;1166
0;1169
0;1172
0;1175
0;1178
0;1181
0;1184
0;1187
0;1190
0;1193
0;1197
0;1199
0;1203
0;1204
0;1207
0;1210
0;1213
0;1217
0;1219
0;1222
0;1226
0;1230
0;1232
0;1235
0;1238
0;1241
0;1244
0;1247
0;1250
0;1253
0;1256
0;1260
0;1263
0;1265
0;1268
0;1271
0;1274
0;1277
0;1280
0;1283
0;1286
0;1289
0;1292
0;1295
0;1298
0;1301
0;1304
0;1307
0;1310
0;1313
0;1315
0;1319
0;1321
0;1324
0;1328
0;1330
0;1333
0;1337
0;1340
0;1342
0;1345
0;1348
0;1351
0;1355
0;1357
0;1360
0;1364
0;1366
0;1370
0;1372
0;1376
0;1379
0;1382
0;1384
0;1387
0;1390
0;1394
0;1397
0;1400
0;1404
0;1407
0;1409
0;1413
0;1416
0;1419
0;1421
0;1425
0;1428
0;1431
0;1434
0;1437
0;1440
0;1443
0;1446
0;1450
0;1452
0;1456
0;1459
0;1461
0;1465
0;1468
0;1471
0;1474
0;1477
0;1480
0;1482
0;1485
0;1488
0;1492
0;1495
0;1498
0;1502
0;1504
0;1507
0;1511
0;1514
0;1517
0;1520
0;1523
0;1526
0;1529
0;1532
0;1535
0;1538
0;1540
0;1543
0;1546
0;1549
0;1552
0;1555
0;1558
0;1561
0;1564
0;1567
0;1570
0;1573
0;1576
0;1579
0;1582
0;1585
0;1588
0;1591
0;1594
0;1597
0;1600
0;1603
0;1606
0;1609
0;1612
0;1615
0;1618
0;1621
0;1624
0;1627
0;1630
0;1632
0;1636
0;1637
0;1641
0;1645
0;1648
0;1651
0;1654
0;1657
0;1660
0;1663
0;1666
0;1668
0;1672
0;1674
0;1676
0;1680
0;1684
0;1686
0;1690
0;1693
0;1696
0;1699
0;1702
0;1705
0;1708
0;1709
0;1714
0;1716
0;1718
0;1722
0;1725
0;1728
0;1730
0;1734
0;1736
0;1740
0;1743
0;1746
0;1749
0;1751
0;1755
0;1758
0;1761
0;1764
0;1767
0;1770
0;1773
0;1776
0;1780
0;1783
0;1786
0;1789
0;1792
0;1795
0;1798
0;1801
0;1804
0;1808
0;1811
0;1814
0;1817
0;1820
0;1823
0;1826
0;1829
0;1833
0;1836
0;1839
0;1842
0;1845
0;1848
0;1851
0;1854
0;1857
0;1860
0;1863
0;1865
0;1868
0;1871
0;1874
0;1878
0;1880
0;1883
0;1887
0;1891
0;1893
0;1896
0;1899
0;1902
0;1905
0;1908
0;1911
0;1914
0;1918
0;1921
0;1923
0;1927
0;1930
0;1933
0;1936
0;1939
0;1943
0;1946
0;1949
0;1950
0;1953
0;1957
0;1960
0;1963
0;1967
0;1970
0;1973
0;1976
0;1979
0;1982
0;1984
0;1987
0;1990
0;1993
0;1996
0;1999
0;2002
0;2005
0;2008
0;2011
0;2014
0;2017
0;2020
0;2023
0;2026
0;2029
0;2032
0;2035
0;2038
0;2041
0;2043
0;2047
0;2048
0;2051
0;2056
0;2057
0;2062
0;2064
0;2068
0;2071
0;2073
0;2076
0;2079
0;2083
0;2085
0;2088
0;2092
0;2095
0;2098
0;2101
0;2104
0;2108
0;2111
0;2113
0;2117
0;2120
0;2123
0;2126
0;2129
0;2132
0;2135
0;2138
0;2141
0;2144
0;2147
0;2150
0;2153
0;2156
0;2158
0;2162
0;2164
0;2168
0;2171
0;2173
0;2177
0;2180
0;2183
0;2186
0;2189
0;2192
0;2195
0;2197
0;2201
0;2204
0;2207
0;2210
0;2213
0;2215
0;2218
0;2221
0;2224
0;2228
0;2231
0;2235
0;2238
0;2241
0;2244
0;2246
0;2250
0;2253
0;2256
0;2258
0;2261
0;2264
0;2267
0;2270
0;2273
0;2276
0;2279
0;2282
0;2285
0;2288
0;2291
0;2294
0;2297
0;2300
0;2303
0;2306
0;2309
0;2312
0;2315
0;2318
0;2321
0;2324
0;2327
0;2330
0;2333
0;2336
0;2339
0;2342
0;2345
0;2348
0;2351
0;2354
0;2357
0;2360
0;2363
0;2366
0;2369
0;2371
0;2373
0;2377
0;2380
0;2383
0;2386
0;2389
0;2393
0;2395
0;2399
0;2401
0;2404
0;2407
0;2410
0;2413
0;2416
0;2419
0;2422
0;2425
0;2428
0;2431
0;2436
0;2439
0;2440
0;2443
0;2448
0;2450
0;2453
0;2457
0;2459
0;2463
0;2466
0;2469
0;2472
0;2475
0;2479
0;2482
0;2485
0;2488
0;2490
0;2493
0;2496
0;2499
0;2502
0;2504
0;2508
0;2510
0;2514
0;2516
0;2521
0;2524
0;2526
0;2529
0;2532
0;2534
0;2539
0;2541
0;2544
0;2547
0;2551
0;2553
0;2556
0;2559
0;2562
0;2566
0;2568
0;2571
0;2574
0;2577
0;2580
0;2583
0;2586
0;2589
0;2592
0;2595
0;2598
0;2601
0;2604
0;2607
0;2610
0;2613
0;2614
0;2617
0;2620
0;2624
0;2628
0;2630
0;2633
0;2637
0;2640
0;2643
0;2646
0;2647
0;2651
0;2654
0;2657
0;2660
0;2663
0;2667
0;2669
0;2672
0;2675
0;2678
0;2681
0;2684
0;2688
0;2690
0;2695
0;2697
0;2700
0;2704
0;2707
0;2709
0;2713
0;2716
0;2720
0;2722
0;2726
0;2727
0;2732
0;2734
0;2738
0;2741
0;2744
0;2747
0;2750
0;2751
0;2755
0;2758
0;2761
0;2764
0;2768
0;2770
0;2773
0;2777
0;2780
0;2783
0;2786
0;2788
0;2790
0;2794
0;2796
0;2801
0;2803
0;2807
0;2809
0;2812
0;2814
0;2819
0;2821
0;2823
0;2827
0;2831
0;2834
0;2835
0;2840
0;2842
0;2845
0;2849
0;2852
0;2855
0;2857
0;2860
0;2864
0;2867
0;2870
0;2873
0;2876
0;2880
0;2883
0;2886
0;2889
0;2892
0;2895
0;2897
0;2901
0;2903
0;2906
0;2909
0;2912
0;2915
0;2918
0;2921
0;2924
0;2927
0;2930
0;2933
0;2935
0;2939
0;2941
0;2944
0;2947
0;2950
0;2953
0;2956
0;2959
0;2963
0;2966
0;2969
0;2972
0;2974
0;2978
0;2981
0;2984
0;2987
0;2990
0;2994
0;2997
0;3000
0;3003
0;3006
0;3009
0;3012
0;3016
0;3019
0;3022
0;3025
0;3027
0;3031
0;3034
0;3038
0;3041
0;3045
0;3048
0;3051
0;3054
0;3057
0;3060
0;3062
0;3065
0;3068
0;3072
0;3075
0;3079
0;3082
0;3083
0;3088
0;3091
0;3093
0;3097
0;3100
0;3102
0;3105
0;3109
0;3112
0;3115
0;3118
0;3122
0;3125
0;3128
0;3131
0;3134
0;3138
0;3141
0;3144
0;3147
0;3150
0;3153
0;3157
0;3159
0;3163
0;3165
0;3168
0;3171
0;3174
0;3177
0;3180
0;3183
0;3186
0;3189
0;3192
0;3195
0;3198
0;3201
0;3204
0;3208
0;3211
0;3214
0;3217
0;3220
0;3223
0;3226
0;3229
0;3232
0;3235
0;3237
0;3240
0;3243
0;3246
0;3250
0;3254
0;3256
0;3260
0;3262
0;3265
0;3268
0;3272
0;3276
0;3278
0;3281
0;3283
0;3287
0;3290
0;3294
0;3296
0;3299
0;3302
0;3305
0;3309
0;3312
0;3315
0;3318
0;3322
0;3324
0;3328
0;3332
0;3334
0;3337
0;3340
0;3343
0;3346
0;3350
0;3352
0;3356
0;3359
0;3362
0;3365
0;3368
0;3371
0;3374
0;3377
0;3380
0;3383
0;3386
0;3390
0;3393
0;3397
0;3400
0;3403
0;3406
0;3408
0;3411
0;3414
0;3417
0;3420
0;3423
0;3426
0;3430
0;3433
0;3436
0;3439
0;3442
0;3445
0;3449
0;3451
0;3455
0;3458
0;3461
0;3463
0;3467
0;3471
0;3474
0;3477
0;3480
0;3483
0;3486
0;3489
0;3492
0;3495
0;3498
0;3502
0;3505
0;3508
0;3511
0;3514
0;3517
0;3520
0;3523
0;3526
0;3529
0;3532
0;3535
0;3538
0;3541
0;3544
0;3547
0;3550
0;3553
0;3556
0;3559
0;3563
0;3566
0;3569
0;3572
0;3575
0;3578
0;3581
0;3584
0;3587
0;3589
0;3592
0;3597
0;3599
0;3602
0;3605
0;3609
0;3612
0;3614
0;3618
0;3621
0;3625
0;3628
0;3631
0;3634
0;3636
0;3640
0;3642
0;3646
0;3650
0;3652
0;3656
0;3658
0;3661
0;3664
0;3667
0;3670
0;3673
0;3676
0;3679
0;3683
0;3686
0;3689
0;3692
0;3695
0;3698
0;3701
0;3704
0;3707
0;3710
0;3714
0;3716
0;3720
0;3724
0;3727
0;3730
0;3732
0;3736
0;3739
0;3743
0;3746
0;3749
0;3752
0;3755
0;3758
0;3760
0;3763
0;3766
0;3769
0;3772
0;3776
0;3779
0;3782
0;3785
0;3788
0;3791
0;3794
0;3797
0;3801
0;3804
0;3806
0;3810
0;3813
0;3816
0;3819
0;3822
0;3825
0;3827
0;3831
0;3835
0;3838
0;3841
0;3843
0;3847
0;3849
0;3852
0;3856
0;3859
0;3861
0;3864
0;3867
0;3870
0;3873
0;3876
0;3880
0;3883
0;3886
0;3889
0;3893
0;3896
0;3900
0;3903
0;3905
0;3909
0;3912
0;3915
0;3919
0;3922
0;3925
0;3928
0;3931
0;3934
0;3937
0;3940
0;3943
0;3946
0;3948
0;3951
0;3955
0;3957
0;3960
0;3962
0;3965
0;3969
0;3972
0;3975
0;3977
0;3981
0;3985
0;3988
0;3991
0;3994
0;3997
0;3999
0;4002
0;4005
0;4008
0;4011
0;4015
0;4017
0;4021
0;4023
0;4026
0;4030
0;4033
0;4036
0;4038
0;4042
0;4045
0;4048
0;4050
0;4054
0;4058
0;4060
0;4063
0;4066
0;4068
0;4072
0;4076
0;4079
0;4082
0;4085
0;4088
0;4091
0;4094
0;4097
0;4099
0;4102
0;4105
0;4108
0;4110
0;4114
0;4117
0;4121
0;4124
0;4127
0;4130
0;4133
0;4136
0;4138
0;4141
0;4144
0;4147
0;4150
0;4153
0;4156
0;4160
0;4163
0;4166
0;4170
0;4173
0;4176
0;4178
0;4180
0;4184
0;4186
0;4190
0;4192
0;4195
0;4199
0;4202
0;4206
0;4209
0;4211
0;4215
0;4217
0;4220
0;4222
0;4226
0;4229
0;4233
0;4234
0;4239
0;4242
0;4245
0;4248
0;4251
0;4254
0;4256
0;4260
0;4262
0;4265
0;4269
0;4272
0;4275
0;4278
0;4281
0;4284
0;4287
0;4290
0;4293
0;4296
0;4298
0;4302
0;4305
0;4307
0;4310
0;4314
0;4317
0;4320
0;4323
0;4325
0;4329
0;4332
0;4335
0;4337
0;4340
0;4342
0;4347
0;4350
0;4353
0;4356
0;4359
0;4362
0;4365
0;4367
0;4371
0;4374
0;4376
0;4380
0;4382
0;4385
0;4389
0;4392
0;4396
0;4398
0;4401
0;4404
0;4407
0;4410
0;4413
0;4416
0;4419
0;4422
0;4425
0;4428
0;4431
0;4434
0;4438
0;4440
0;4444
0;4447
0;4450
0;4453
0;4455
0;4459
0;4461
0;4465
0;4468
0;4470
0;4473
0;4477
0;4481
0;4483
0;4486
0;4489
0;4492
0;4495
0;4498
0;4501
0;4505
0;4507
0;4510
0;4513
0;4517
0;4521
0;4524
0;4526
0;4530
0;4531
0;4536
0;4538
0;4542
0;4545
0;4547
0;4551
0;4554
0;4558
0;4560
0;4564
0;4567
0;4570
0;4572
0;4576
0;4578
0;4582
0;4583
0;4586
0;4589
0;4593
0;4597
0;4600
0;4602
0;4604
0;4609
0;4610
0;4615
0;4618
0;4621
0;4622
0;4627
0;4630
0;4632
0;4636
0;4639
0;4641
0;4645
0;4648
0;4650
0;4654
0;4657
0;4660
0;4663
0;4666
0;4669
0;4672
0;4675
0;4678
0;4681
0;4685
0;4687
0;4690
0;4694
0;4696
0;4699
0;4703
0;4705
0;4709
0;4712
0;4715
0;4719
0;4722
0;4725
0;4728
0;4731
0;4734
0;4737
0;4740
0;4743
0;4746
0;4749
0;4752
0;4755
0;4758
0;4761
0;4764
0;4768
0;4771
0;4774
0;4777
0;4780
0;4783
0;4786
0;4789
0;4792
0;4795
0;4798
0;4801
0;4803
0;4806
0;4810
0;4813
0;4816
0;4819
0;4822
0;4826
0;4829
0;4831
0;4835
0;4837
0;4841
0;4844
0;4846
0;4851
0;4852
0;4856
0;4859
0;4862
0;4865
0;4868
0;4871
0;4875
0;4878
0;4881
0;4884
0;4886
0;4889
0;4892
0;4896
0;4899
0;4902
0;4905
0;4909
0;4911
0;4914
0;4917
0;4922
0;4924
0;4927
0;4930
0;4933
0;4937
0;4940
0;4943
0;4947
0;4950
0;4953
0;4956
0;4959
0;4962
0;4965
0;4968
0;4971
0;4974
0;4977
0;4981
0;4984
0;4987
0;4990
0;4993
0;4996
0;4999
0;5002
0;5005
0;5008
0;5011
0;5013
0;5016
0;5021
0;5023
0;5027
0;5030
0;5032
0;5036
0;5039
0;5042
0;5045
0;5048
0;5051
0;5055
0;5057
0;5061
0;5064
0;5067
0;5070
0;5073
0;5076
0;5079
0;5082
0;5085
0;5088
0;5091
0;5093
0;5097
0;5101
0;5104
0;5107
0;5109
0;5112
0;5115
0;5118
0;5121
0;5124
0;5128
0;5131
0;5133
0;5136
0;5139
0;5142
0;5147
0;5149
0;5152
0;5155
0;5158
0;5161
0;5165
0;5168
0;5170
0;5174
0;5177
0;5180
0;5184
0;5187
0;5190
0;5193
0;5196
0;5199
0;5202
0;5205
0;5208
0;5211
0;5214
0;5217
0;5221
0;5223
0;5228
0;5230
0;5233
0;5237
0;5240
0;5243
0;5246
0;5250
0;5253
0;5256
0;5259
0;5262
0;5265
0;5269
0;5272
0;5275
0;5278
0;5281
0;5284
0;5287
0;5290
0;5292
0;5296
0;5298
0;5302
0;5305
0;5307
0;5310
0;5313
0;5316
0;5319
0;5323
0;5325
0;5328
0;5331
0;5334
0;5337
0;5340
0;5343
0;5346
0;5349
0;5352
0;5356
0;5359
0;5362
0;5365
0;5368
0;5371
0;5375
0;5377
0;5381
0;5384
0;5387
0;5391
0;5393
0;5397
0;5400
0;5402
0;5406
0;5410
0;5413
0;5415
0;5419
0;5422
0;5424
0;5428
0;5431
0;5434
0;5436
0;5439
0;5443
0;5447
0;5450
0;5453
0;5455
0;5459
0;5462
0;5465
0;5467
0;5471
0;5474
0;5477
0;5480
0;5483
0;5486
0;5489
0;5492
0;5494
0;5497
0;5500
0;5503
0;5506
0;5509
0;5513
0;5516
0;5519
0;5522
0;5524
0;5527
0;5530
0;5533
0;5536
0;5539
0;5542
0;5545
0;5548
0;5551
0;5554
0;5557
0;5560
0;5564
0;5567
0;5570
0;5573
0;5576
0;5579
0;5581
0;5584
0;5589
0;5592
0;5594
0;5597
0;5600
0;5603
0;5606
0;5609
0;5612
0;5615
0;5618
0;5621
0;5624
0;5627
0;5630
0;5633
0;5637
0;5639
0;5643
0;5646
0;5649
0;5652
0;5655
0;5658
0;5661
0;5664
0;5667
0;5670
0;5673
0;5677
0;5679
0;5682
0;5685
0;5688
0;5691
0;5694
0;5697
0;5700
0;5703
0;5706
0;5709
0;5712
0;5714
0;5717
0;5720
0;5723
0;5726
0;5729
0;5732
0;5735
0;5739
0;5742
0;5745
0;5749
0;5752
0;5755
0;5758
0;5761
0;5764
0;5767
0;5769
0;5774
0;5776
0;5779
0;5782
0;5785
0;5788
0;5791
0;5795
0;5798
0;5801
0;5803
0;5806
0;5809
0;5812
0;5815
0;5819
0;5822
0;5825
0;5829
0;5832
0;5835
0;5838
0;5841
0;5844
0;5847
0;5850
0;5853
0;5856
0;5858
0;5862
0;5865
0;5868
0;5871
0;5873
0;5877
0;5880
0;5882
0;5885
0;5888
0;5891
0;5894
0;5897
0;5900
0;5903
0;5906
0;5910
0;5913
0;5917
0;5920
0;5923
0;5925
0;5928
0;5932
0;5935
0;5938
0;5942
0;5945
0;5948
0;5951
0;5954
0;5957
0;5960
0;5963
0;5966
0;5970
0;5973
0;5975
0;5979
0;5982
0;5985
0;5989
0;5991
0;5994
0;5998
0;6001
0;6003
0;6006
0;6010
0;6012
0;6015
0;6019
0;6021
0;6024
0;6027
0;6030
0;6033
0;6036
0;6039
0;6042
0;6045
0;6048
0;6051
0;6053
0;6057
0;6060
0;6063
0;6066
0;6068
0;6072
0;6075
0;6078
0;6081
0;6083
0;6087
0;6090
0;6094
0;6097
0;6100
0;6102
0;6105
0;6109
0;6111
0;6115
0;6118
0;6121
0;6124
0;6127
0;6130
0;6132
0;6136
0;6138
0;6142
0;6145
0;6148
0;6152
0;6154
0;6157
0;6161
0;6164
0;6167
0;6170
0;6173
0;6177
0;6179
0;6184
0;6185
0;6190
0;6192
0;6196
0;6198
0;6202
0;6204
0;6207
0;6211
0;6214
0;6217
0;6220
0;6223
0;6226
0;6229
0;6232
0;6234
0;6238
0;6240
0;6245
0;6246
0;6250
0;6254
0;6256
0;6260
0;6263
0;6265
0;6269
0;6271
0;6275
0;6277
0;6281
0;6283
0;6287
0;6289
0;6293
0;6296
0;6300
0;6303
0;6306
0;6307
0;6311
0;6314
0;6317
0;6320
0;6324
0;6327
0;6330
0;6333
0;6336
0;6339
0;6342
0;6345
0;6348
0;6351
0;6353
0;6356
0;6361
0;6362
0;6367
0;6368
0;6373
0;6375
0;6379
0;6382
0;6384
0;6387
0;6390
0;6394
0;6397
0;6400
0;6403
0;6406
0;6410
0;6412
0;6415
0;6419
0;6422
0;6424
0;6428
0;6431
0;6434
0;6437
0;6440
0;6443
0;6446
0;6449
0;6452
0;6455
0;6458
0;6462
0;6465
0;6468
0;6470
0;6473
0;6476
0;6480
0;6482
0;6485
0;6488
0;6491
0;6494
0;6497
0;6500
0;6503
0;6506
0;6509
0;6512
0;6515
0;6518
0;6521
0;6524
0;6527
0;6529
0;6532
0;6535
0;6539
0;6542
0;6545
0;6549
0;6552
0;6555
0;6558
0;6562
0;6564
0;6567
0;6570
0;6573
0;6576
0;6579
0;6581
0;6584
0;6587
0;6590
0;6593
0;6596
0;6599
0;6602
0;6605
0;6608
0;6611
0;6615
0;6618
0;6621
0;6624
0;6627
0;6630
0;6634
0;6637
0;6640
0;6643
0;6646
0;6649
0;6651
0;6655
0;6657
0;6662
0;6665
0;6668
0;6669
0;6674
0;6677
0;6680
0;6683
0;6685
0;6688
0;6691
0;6694
0;6697
0;6701
0;6703
0;6706
0;6710
0;6713
0;6716
0;6718
0;6722
0;6725
0;6727
0;6732
0;6735
0;6737
0;6740
0;6744
0;6747
0;6749
0;6753
0;6756
0;6758
0;6761
0;6765
0;6768
0;6772
0;6775
0;6777
0;6780
0;6783
0;6786
0;6789
0;6794
0;6797
0;6800
0;6802
0;6805
0;6808
0;6811
0;6814
0;6817
0;6820
0;6823
0;6826
0;6829
0;6832
0;6835
0;6838
0;6841
0;6844
0;6847
0;6850
0;6853
0;6856
0;6858
0;6861
0;6865
0;6868
0;6871
0;6874
0;6877
0;6879
0;6883
0;6886
0;6890
0;6893
0;6896
0;6899
0;6901
0;6904
0;6908
0;6911
0;6914
0;6916
0;6919
0;6924
0;6926
0;6930
0;6931
0;6936
0;6938
0;6942
0;6945
0;6948
0;6951
0;6954
0;6957
0;6959
0;6963
0;6966
0;6969
0;6970
0;6975
0;6977
0;6979
0;6983
0;6986
0;6990
0;6992
0;6995
0;6998
0;7002
0;7004
0;7007
0;7010
0;7013
0;7016
0;7019
0;7022
0;7027
0;7030
0;7031
0;7034
0;7039
0;7042
0;7045
0;7048
0;7051
0;7054
0;7057
0;7060
0;7063
0;7067
0;7070
0;7073
0;7076
0;7079
0;7082
0;7085
0;7088
0;7091
0;7094
0;7098
0;7100
0;7103
0;7106
0;7108
0;7112
0;7115
0;7118
0;7121
0;7125
0;7127
0;7131
0;7133
0;7136
0;7139
0;7142
0;7145
0;7148
0;7151
0;7154
0;7157
0;7160
0;7163
0;7166
0;7169
0;7172
0;7175
0;7178
0;7181
0;7184
0;7187
0;7190
0;7193
0;7196
0;7200
0;7202
0;7206
0;7209
0;7212
0;7215
0;7217
0;7221
0;7225
0;7228
0;7231
0;7234
0;7236
0;7239
0;7242
0;7245
0;7248
0;7251
0;7255
0;7258
0;7261
0;7264
0;7268
0;7271
0;7274
0;7277
0;7280
0;7283
0;7286
0;7289
0;7292
0;7295
0;7298
0;7301
0;7303
0;7307
0;7309
0;7312
0;7316
0;7318
0;7321
0;7325
0;7327
0;7330
0;7333
0;7337
0;7339
0;7342
0;7346
0;7349
0;7352
0;7356
0;7359
0;7362
0;7365
0;7368
0;7371
0;7374
0;7375
0;7378
0;7382
0;7386
0;7387
0;7392
0;7394
0;7397
0;7400
0;7403
0;7406
0;7409
0;7413
0;7416
0;7418
0;7421
0;7424
0;7427
0;7430
0;7433
0;7437
0;7440
0;7444
0;7447
0;7449
0;7453
0;7455
0;7458
0;7462
0;7463
0;7468
0;7470
0;7474
0;7476
0;7479
0;7482
0;7485
0;7489
0;7491
0;7495
0;7497
0;7500
0;7504
0;7507
0;7511
0;7514
0;7516
0;7519
0;7523
0;7525
0;7528
0;7531
0;7535
0;7538
0;7540
0;7543
0;7546
0;7549
0;7552
0;7555
0;7558
0;7561
0;7564
0;7567
0;7570
0;7573
0;7575
0;7579
0;7582
0;7583
0;7586
0;7589
0;7592
0;7595
0;7598
0;7601
0;7605
0;7608
0;7611
0;7614
0;7617
0;7620
0;7623
0;7626
0;7629
0;7633
0;7636
0;7639
0;7641
0;7643
0;7646
0;7651
0;7653
0;7657
0;7658
0;7662
0;7666
0;7669
0;7672
0;7674
0;7677
0;7680
0;7683
0;7686
0;7690
0;7693
0;7696
0;7699
0;7702
0;7705
0;7709
0;7712
0;7715
0;7718
0;7721
0;7724
0;7727
0;7729
0;7733
0;7736
0;7739
0;7742
0;7745
0;7749
0;7751
0;7753
0;7758
0;7761
0;7764
0;7767
0;7770
0;7773
0;7776
0;7779
0;7782
0;7785
0;7788
0;7791
0;7794
0;7797
0;7800
0;7803
0;7806
0;7809
0;7813
0;7816
0;7819
0;7822
0;7825
0;7828
0;7831
0;7834
0;7837
0;7840
0;7843
0;7846
0;7849
0;7853
0;7856
0;7858
0;7861
0;7865
0;7868
0;7869
0;7874
0;7877
0;7879
0;7883
0;7886
0;7888
0;7891
0;7895
0;7897
0;7900
0;7905
0;7908
0;7910
0;7913
0;7916
0;7920
0;7923
0;7926
0;7929
0;7932
0;7934
0;7938
0;7942
0;7944
0;7948
0;7950
0;7954
0;7956
0;7961
0;7964
0;7967
0;7969
0;7972
0;7975
0;7978
0;7981
0;7984
0;7987
0;7990
0;7993
0;7997
0;8000
0;8003
0;8006
0;8009
0;8011
0;8015
0;8017
0;8021
0;8024
0;8027
0;8030
0;8033
0;8035
0;8039
0;8042
0;8044
0;8048
0;8050
0;8054
0;8058
0;8061
0;8064
0;8067
0;8070
0;8073
0;8076
0;8079
0;8082
0;8085
0;8088
0;8092
0;8096
0;8099
0;8102
0;8105
0;8107
0;8111
0;8114
0;8116
0;8120
0;8123
0;8127
0;8130
0;8132
0;8135
0;8138
0;8141
0;8144
0;8147
0;8150
0;8153
0;8156
0;8159
0;8162
0;8165
0;8168
0;8171
0;8174
0;8176
0;8180
0;8182
0;8186
0;8189
0;8192
0;8195
0;8198
0;8201
0;8203
0;8206
0;8209
0;8212
0;8216
0;8218
0;8221
0;8224
0;8226
0;8231
0;8234
0;8237
0;8240
0;8243
0;8244
0;8249
0;8252
0;8253
0;8256
0;8260
0;8264
0;8267
0;8270
0;8272