
0;2
0;5
0;8
0;11
0;14
1;2
1;3
0;19
1;6
1;8
1;9
0;24
1;12
1;13
1;14
0;29
2;4
2;5
2;6
0;34
0;35
0;36
2;10
1;22
1;23
2;13
0;41
1;26
1;27
1;28
0;46
1;30
1;31
1;32
2;21
2;22
2;23
2;24
2;25
1;38
1;39
1;40
0;57
0;58
2;30
1;44
2;32
2;33
1;48
0;64
0;65
0;66
2;38
2;39
2;40
2;41
2;42
1;59
1;60
2;44
2;45
2;46
1;64
1;65
1;66
2;51
1;68
2;53
2;54
1;71
2;56
1;72
1;73
2;60
2;61
2;62
2;63
2;64
1;80
2;66
2;67
2;68
2;69
0;97
1;86
1;87
1;88
2;74
2;75
0;103
1;92
2;78
0;107
1;95
1;96
1;97
1;98
2;84
1;100
1;101
1;102
0;117
1;104
2;91
0;120
1;106
2;93
0;123
0;124
2;96
0;126
1;111
2;99
2;100
2;101
0;131
0;132
1;117
0;134
2;106
2;107
2;108
1;122
1;124
0;140
0;141
1;127
1;128
1;129
2;116
2;117
2;119
1;132
2;121
2;122
0;152
1;136
1;137
1;138
2;126
0;156
1;142
1;143
0;161
0;162
0;163
0;164
0;165
0;167
2;137
0;169
0;170
1;152
2;141
1;155
1;156
1;157
1;158
1;159
1;160
1;161
1;162
1;164
1;165
0;183
2;152
2;153
0;187
0;188
0;189
2;156
0;191
1;174
1;175
0;193
0;194
2;162
2;163
0;198
1;181
1;182
1;183
1;184
1;185
1;186
1;187
0;207
2;172
2;173
2;174
0;212
0;213
2;177
1;195
2;179
0;218
1;198
2;183
0;221
2;185
0;222
0;223
0;224
2;188
0;226
2;190
0;228
0;229
2;194
1;211
2;196
1;213
1;214
1;215
1;216
2;201
0;238
0;239
0;240
0;241
0;242
0;243
0;245
2;208
1;226
1;227
1;228
0;249
1;230
2;213
2;214
1;233
1;234
1;235
0;256
2;220
2;221
2;222
0;260
0;261
1;243
0;263
0;264
0;265
0;266
1;248
2;231
2;232
1;251
2;234
2;235
2;236
0;273
2;239
2;240
1;258
1;259
1;260
1;261
1;262
2;246
2;247
1;265
0;284
1;267
2;250
2;251
0;288
2;254
2;255
0;291
0;292
2;257
1;276
1;277
2;260
1;279
1;280
0;300
2;264
1;284
0;302
0;303
0;304
0;305
0;306
0;307
0;308
2;273
2;274
2;275
1;295
1;296
1;297
1;298
2;280
1;300
0;318
0;319
1;302
1;303
2;287
2;288
2;289
2;290
2;291
1;309
0;328
0;329
0;330
1;313
2;297
2;298
2;299
2;300
1;318
2;302
2;303
0;338
2;305
0;340
0;341
0;342
0;343
1;328
1;329
0;346
0;347
0;348
2;316
2;317
1;334
2;318
1;336
1;337
1;338
1;339
0;357
0;358
2;324
2;325
0;361
0;362
1;345
2;328
0;364
0;366
0;367
2;332
1;351
2;334
2;335
2;336
2;337
2;338
2;339
0;377
0;378
0;379
1;361
1;362
1;363
1;364
1;365
1;366
2;350
0;387
2;352
2;353
2;354
2;355
2;356
2;357
2;358
1;376
1;377
2;361
1;379
1;380
0;401
2;365
0;403
2;367
2;368
2;369
2;370
0;407
1;389
0;409
1;391
0;411
0;412
0;413
0;414
0;415
0;416
0;417
1;400
1;401
1;402
0;421
0;422
0;423
2;388
1;407
0;426
0;427
2;394
0;429
0;430
1;413
2;397
2;398
1;416
1;417
2;401
2;402
0;439
2;405
0;441
0;442
0;443
2;409
2;410
0;446
0;447
0;448
0;449
0;450
2;414
1;433
1;434
0;455
0;456
1;437
1;438
1;439
0;461
0;462
2;424
2;425
2;426
2;427
0;466
1;447
1;448
1;449
1;450
0;472
0;473
0;474
0;475
0;476
0;477
1;457
1;458
0;480
0;481
1;461
2;445
1;463
2;447
0;486
1;466
2;450
0;489
2;452
2;453
1;471
1;472
1;473
2;457
2;458
2;459
1;478
1;479
2;462
0;501
0;503
2;465
0;505
0;506
1;486
1;487
1;488
2;471
2;472
0;511
2;474
0;513
0;514
0;515
0;516
1;497
1;498
1;499
1;500
0;521
0;522
1;503
0;524
0;525
1;506
0;527
1;508
0;529
0;530
0;531
0;532
0;533
0;534
1;514
1;515
1;516
1;517
2;501
1;519
0;543
1;521
1;522
2;506
1;524
0;547
0;548
0;549
0;550
0;551
1;530
1;531
0;555
1;533
1;534
1;535
2;520
2;521
0;561
2;523
2;524
0;564
0;565
0;566
0;567
0;568
2;530
0;570
1;548
1;549
0;573
0;574
1;552
0;576
0;577
0;578
1;556
1;557
2;541
2;542
2;543
1;561
2;545
1;563
1;564
1;565
2;548
0;590
0;591
2;551
0;593
2;553
0;595
1;573
2;556
2;557
2;558
2;559
1;578
2;561
2;562
2;563
1;581
1;582
0;607
0;608
2;567
0;610
2;569
2;570
2;571
1;591
0;616
0;617
1;594
1;595
2;577
2;578
0;622
2;580
1;600
0;625
2;582
2;583
2;584
0;629
1;605
1;606
2;588
1;609
1;610
0;636
0;637
1;613
1;614
1;615
0;641
0;642
2;598
0;644
1;619
1;620
2;602
0;648
1;623
0;650
1;625
2;607
2;608
2;609
1;629
2;611
1;631
0;658
0;660
2;616
0;662
2;618
0;664
1;637
0;666
0;667
1;640
1;641
0;670
2;627
2;628
1;645
1;646
2;630
0;676
2;632
0;678
1;652
1;653
0;681
1;655
2;637
2;638
2;639
2;640
0;687
1;661
1;662
1;663
1;664
0;692
2;646
1;667
2;648
2;649
2;650
0;697
0;699
0;700
0;701
0;702
0;703
0;704
1;677
2;657
1;679
1;680
1;681
1;682
1;683
0;714
2;664
0;716
2;666
2;667
0;719
0;720
0;721
1;692
0;723
0;724
1;695
1;696
1;697
0;729
0;730
0;731
2;680
1;702
2;682
2;683
1;705
0;738
0;739
0;740
0;741
2;690
0;743
2;693
2;694
2;695
2;696
1;714
0;748
0;749
0;750
0;751
0;752
1;720
0;755
0;756
0;757
0;758
2;708
2;709
2;710
1;727
2;711
2;712
0;765
1;731
0;768
0;769
0;770
2;717
2;718
0;774
0;775
0;776
2;722
1;740
2;724
1;742
2;726
0;783
2;728
0;785
0;786
0;787
2;732
1;750
0;790
1;753
0;792
0;793
1;755
1;756
1;757
1;759
1;760
1;761
2;743
2;744
0;802
0;803
0;804
1;767
0;806
0;807
2;750
1;771
1;772
2;753
2;754
2;755
2;756
2;757
0;817
2;759
0;819
2;761
2;762
1;783
0;823
2;764
0;825
0;826
2;768
0;828
1;789
2;770
0;831
2;772
2;773
0;834
0;836
1;796
1;797
0;839
1;799
1;800
0;843
0;844
2;783
0;846
2;784
1;806
0;850
1;808
1;809
1;810
1;811
1;812
1;813
2;793
1;815
2;795
2;796
1;818
1;819
2;799
1;821
1;822
2;803
2;804
0;868
1;825
1;827
1;828
2;808
1;830
0;875
0;876
1;832
2;813
1;834
1;835
2;816
1;837
1;838
1;839
1;840
2;821
0;886
0;887
0;888
2;825
0;890
2;827
1;850
1;851
2;829
2;830
0;896
0;897
2;833
2;834
0;899
0;900
0;901
0;902
2;839
1;863
0;905
1;865
0;906
2;844
1;868
1;869
0;910
0;911
0;912
0;913
1;874
1;875
2;853
2;854
2;855
1;879
2;857
1;881
1;883
2;859
2;860
1;886
1;887
1;888
1;889
1;890
2;865
1;892
1;893
1;894
1;895
1;896
1;897
2;872
0;938
1;900
1;901
0;941
1;903
1;904
2;880
2;881
0;946
0;948
0;949
1;911
1;912
2;887
1;914
0;953
1;916
1;917
0;956
1;919
2;895
2;896
0;961
1;923
1;924
0;965
0;966
0;967
2;902
2;903
0;971
0;972
1;931
0;973
2;908
0;975
0;976
1;936
2;912
1;938
1;940
0;981
0;982
2;916
2;917
1;946
2;919
0;986
0;988
2;921
2;922
1;952
1;953
0;992
1;955
1;956
1;957
2;929
0;997
2;931
0;999
0;1000
2;934
2;935
1;964
0;1005
0;1006
0;1007
2;941
1;968
1;969
0;1010
2;944
1;972
1;973
1;974
2;948
0;1017
2;950
2;951
2;952
0;1021
2;954
0;1024
0;1025
2;957
0;1027
1;985
2;960
0;1030
1;987
1;988
0;1032
1;990
1;991
2;966
0;1036
1;994
1;995
1;996
1;997
1;999
2;974
2;975
2;976
2;977
1;1004
0;1047
2;980
1;1008
0;1050
2;983
0;1052
2;985
1;1013
2;987
1;1016
0;1056
0;1057
0;1058
2;992
1;1022
0;1061
2;995
0;1063
0;1064
2;998
2;999
2;1000
0;1067
2;1002
0;1069
0;1070
0;1071
2;1006
2;1007
1;1037
2;1009
1;1039
0;1077
1;1041
2;1012
2;1013
1;1044
0;1081
2;1017
0;1083
0;1084
1;1049
1;1050
0;1087
0;1088
2;1023
0;1090
0;1091
1;1057
0;1093
0;1094
1;1060
1;1061
2;1031
2;1032
2;1033
2;1034
2;1035
2;1036
2;1037
2;1038
0;1105
1;1071
1;1072
0;1108
1;1074
1;1075
1;1076
2;1046
1;1078
1;1079
1;1080
1;1081
1;1082
2;1052
2;1053
0;1120
0;1121
0;1122
0;1123
2;1059
2;1060
0;1125
1;1091
0;1127
1;1093
0;1129
1;1095
1;1096
1;1097
1;1098
1;1099
1;1100
1;1101
2;1074
2;1075
1;1103
0;1139
2;1077
0;1141
2;1079
1;1109
1;1110
1;1111
0;1147
1;1112
2;1085
2;1086
2;1087
1;1116
1;1117
1;1118
1;1119
1;1120
0;1158
2;1095
2;1096
2;1097
2;1098
2;1099
2;1100
1;1127
0;1165
0;1166
0;1167
1;1131
0;1170
2;1108
1;1134
0;1173
0;1174
1;1137
2;1112
2;1113
1;1140
1;1142
1;1143
0;1181
1;1144
0;1183
0;1184
1;1147
1;1148
1;1149
2;1124
0;1189
0;1190
0;1191
0;1192
2;1128
1;1156
1;1157
1;1158
1;1159
1;1160
1;1161
0;1201
2;1135
1;1163
0;1204
1;1165
2;1139
0;1207
0;1208
2;1142
1;1170
1;1171
1;1172
1;1173
2;1147
1;1175
0;1217
1;1177
1;1178
1;1179
1;1180
2;1155
2;1156
2;1157
1;1183
2;1159
0;1227
2;1161
2;1162
1;1188
1;1189
1;1190
2;1166
0;1233
2;1169
2;1170
0;1236
2;1172
0;1238
0;1239
1;1197
2;1176
0;1243
2;1178
1;1201
1;1202
1;1203
0;1248
0;1249
0;1250
1;1207
2;1187
2;1188
0;1254
2;1189
1;1211
2;1191
1;1213
1;1214
1;1215
2;1195
0;1262
2;1197
2;1198
0;1266
0;1267
2;1202
0;1269
2;1203
1;1224
0;1272
1;1226
0;1274
2;1208
2;1209
0;1277
1;1232
2;1211
1;1233
1;1234
0;1282
2;1216
2;1217
1;1238
0;1285
2;1221
1;1241
2;1223
1;1243
2;1225
0;1291
1;1246
2;1228
2;1229
1;1249
0;1296
0;1297
0;1298
0;1299
0;1300
2;1235
2;1236
2;1237
2;1238
0;1305
0;1306
1;1261
0;1308
1;1263
0;1310
2;1245
2;1246
2;1247
1;1269
1;1270
1;1271
2;1250
0;1318
2;1252
2;1253
1;1277
1;1278
1;1280
1;1281
2;1258
1;1283
0;1326
1;1285
1;1286
2;1263
0;1330
1;1289
1;1290
1;1291
2;1268
2;1269
1;1294
1;1295
2;1272
0;1340
0;1341
0;1342
1;1300
2;1276
2;1277
2;1278
2;1279
2;1280
2;1281
2;1282
2;1283
2;1284
0;1353
2;1287
1;1311
0;1356
1;1313
2;1290
0;1360
1;1316
1;1317
1;1318
0;1364
0;1366
0;1367
0;1368
0;1369
0;1370
1;1325
0;1372
2;1303
2;1304
1;1329
1;1330
2;1307
0;1378
2;1309
2;1310
1;1335
2;1312
2;1314
2;1315
0;1385
2;1317
1;1340
0;1387
1;1343
1;1344
1;1345
1;1346
2;1324
2;1325
0;1394
0;1395
0;1396
2;1328
0;1398
1;1353
0;1401
1;1355
0;1404
0;1405
0;1406
1;1359
1;1360
0;1409
1;1362
1;1363
1;1364
1;1365
1;1366
0;1416
1;1367
2;1344
0;1419
0;1420
1;1371
0;1421
2;1349
1;1375
2;1351
0;1425
1;1377
0;1427
1;1379
1;1380
2;1358
1;1382
0;1432
1;1384
2;1362
2;1363
0;1436
2;1365
1;1389
0;1439
2;1369
2;1370
0;1441
0;1442
0;1443
1;1396
0;1445
2;1377
2;1378
0;1448
2;1380
0;1450
1;1403
2;1383
2;1384
2;1385
2;1386
2;1387
0;1456
2;1389
0;1458
0;1459
2;1391
2;1392
1;1415
1;1416
1;1417
2;1396
0;1466
2;1398
1;1421
2;1400
0;1470
1;1424
2;1403
1;1426
1;1427
1;1428
1;1429
1;1430
1;1431
1;1432
1;1433
1;1434
1;1435
2;1413
0;1484
0;1485
0;1486
1;1439
1;1440
2;1419
0;1490
2;1422
1;1443
1;1445
1;1446
2;1425
0;1495
0;1496
0;1497
0;1498
2;1430
0;1500
0;1501
2;1434
0;1503
1;1459
1;1460
0;1505
0;1506
1;1463
0;1508
0;1509
2;1442
0;1511
0;1512
0;1513
1;1470
2;1448
2;1449
2;1450
0;1517
0;1518
2;1454
0;1520
2;1456
0;1522
1;1479
2;1459
1;1481
2;1461
0;1528
2;1463
0;1530
2;1465
0;1532
2;1467
0;1534
2;1469
0;1536
0;1537
2;1473
2;1474
1;1494
1;1495
2;1478
2;1479
1;1498
2;1480
0;1546
0;1547
1;1501
0;1549
1;1503
2;1487
2;1488
0;1553
2;1490
0;1555
0;1556
1;1510
0;1558
0;1559
1;1513
0;1561
2;1498
2;1499
1;1517
1;1518
1;1519
2;1504
2;1505
1;1522
0;1570
1;1524
1;1525
1;1526
1;1527
1;1528
0;1576
1;1530
1;1531
0;1578
0;1579
0;1580
0;1581
1;1536
1;1537
0;1584
0;1585
0;1586
0;1587
1;1542
1;1543
1;1544
1;1545
2;1531
1;1547
2;1533
0;1595
2;1535
2;1536
2;1537
2;1538
2;1539
2;1540
0;1603
2;1542
0;1605
2;1544
2;1545
0;1608
2;1547
0;1610
2;1549
2;1550
0;1612
2;1553
1;1568
0;1615
2;1556
2;1557
1;1572
0;1620
0;1621
0;1622
1;1575
2;1563
1;1577
2;1565
0;1627
0;1628
2;1568
2;1569
0;1631
0;1632
0;1633
1;1586
0;1635
2;1575
2;1576
2;1577
2;1578
2;1579
2;1580
1;1595
1;1596
0;1644
2;1585
2;1586
2;1587
1;1600
0;1649
0;1650
2;1592
2;1593
2;1594
0;1653
0;1654
1;1609
2;1599
2;1600
2;1601
1;1612
1;1613
1;1614
1;1615
1;1616
2;1607
2;1608
2;1609
0;1666
1;1623
0;1668
2;1614
0;1670
2;1616
0;1672
0;1673
0;1674
1;1630
2;1620
0;1678
0;1679
0;1680
2;1624
0;1682
2;1626
2;1627
2;1628
2;1630
0;1687
1;1641
2;1633
2;1634
2;1635
0;1692
1;1646
2;1639
1;1648
0;1696
1;1649
2;1643
0;1698
2;1645
1;1653
1;1654
1;1655
1;1656
0;1705
2;1652
0;1707
0;1708
0;1709
2;1656
0;1711
0;1712
2;1659
0;1714
1;1667
1;1668
1;1670
0;1718
2;1665
0;1720
2;1667
1;1675
1;1676
0;1723
1;1678
2;1672
2;1673
2;1674
2;1676
2;1677
2;1678
1;1685
2;1680
0;1732
0;1733
0;1734
1;1691
1;1692
1;1693
0;1737
2;1687
0;1740
0;1741
2;1690
1;1700
0;1743
1;1701
2;1693
1;1703
2;1695
1;1705
1;1706
1;1707
1;1708
0;1753
1;1710
1;1711
1;1712
2;1704
2;1705
2;1706
0;1761
2;1708
2;1709
1;1718
0;1764
0;1765
1;1721
1;1722
1;1723
0;1769
2;1717
1;1725
0;1771
0;1772
1;1729
0;1774
1;1731
2;1726
1;1734
1;1735
1;1736
0;1780
2;1731
2;1733
2;1734
0;1784
2;1736
2;1737
1;1743
1;1744
1;1745
2;1741
1;1747
1;1748
1;1749
2;1745
1;1751
1;1752
1;1753
0;1798
0;1799
2;1752
1;1757
1;1758
2;1755
1;1759
0;1805
0;1806
1;1763
1;1764
2;1761
1;1766
2;1763
2;1764
2;1765
0;1814
1;1770
1;1771
1;1772
1;1773
0;1818
2;1773
0;1820
0;1821
0;1822
0;1823
1;1779
0;1825
2;1780
2;1782
2;1783
1;1785
0;1831
1;1787
0;1833
0;1834
1;1789
0;1836
1;1791
2;1792
2;1793
2;1794
2;1795
2;1796
1;1796
0;1845
2;1800
1;1799
2;1802
0;1849
1;1802
0;1851
2;1805
0;1853
1;1807
2;1808
1;1809
1;1810
1;1811
1;1812
0;1860
0;1861
0;1862
0;1863
0;1864
2;1817
0;1866
0;1867
2;1821
2;1822
0;1869
0;1870
1;1825
0;1872
1;1827
2;1828
0;1874
2;1830
2;1831
0;1877
2;1833
0;1878
2;1835
2;1836
2;1837
1;1838
2;1839
1;1840
1;1842
1;1843
2;1842
2;1843
1;1845
2;1846
1;1847
1;1848
1;1849
1;1850
2;1851
2;1852
0;1898
0;1899
1;1855
1;1856
1;1857
2;1857
1;1859
0;1905
0;1906
2;1860
2;1861
0;1908
2;1863
0;1911
0;1912
0;1913
0;1914
2;1867
0;1916
2;1869
2;1870
1;1875
1;1876
1;1877
1;1878
2;1875
2;1877
2;1878
2;1879
0;1929
0;1930
1;1885
2;1883
0;1933
1;1887
1;1888
0;1936
0;1937
0;1938
1;1891
1;1892
2;1891
0;1942
0;1943
0;1944
1;1898
1;1899
2;1897
2;1898
0;1948
2;1900
0;1951
2;1902
2;1903
0;1953
0;1954
1;1908
0;1957
2;1907
2;1908
0;1960
0;1961
2;1911
0;1963
1;1916
0;1965
1;1918
2;1916
0;1968
0;1969
0;1970
0;1971
0;1972
0;1973
0;1974
0;1975
0;1976
0;1977
2;1929
0;1979
0;1980
1;1933
1;1934
0;1983
1;1936
0;1985
0;1986
0;1987
0;1988
0;1989
0;1990
0;1991
0;1992
1;1944
0;1994
2;1947
1;1947
2;1949
1;1949
0;1999
1;1950
2;1953
0;2002
0;2003
0;2004
0;2005
1;1956
2;1958
0;2009
0;2010
0;2011
0;2012
1;1962
1;1963
2;1965
1;1966
0;2018
0;2019
0;2020
1;1970
1;1971
0;2023
2;1973
2;1975
1;1975
0;2027
1;1977
2;1978
0;2030
1;1980
2;1981
1;1983
0;2033
1;1984
0;2035
0;2036
0;2037
0;2038
1;1989
2;1990
0;2042
0;2043
0;2044
2;1994
0;2046
2;1996
2;1997
2;1998
2;1999
0;2052
2;2002
0;2054
2;2003
1;2003
1;2004
1;2005
1;2006
1;2007
1;2008
0;2061
1;2010
1;2011
2;2013
2;2014
1;2014
2;2016
1;2016
0;2069
1;2018
1;2019
0;2073
0;2074
1;2022
0;2075
2;2025
2;2026
2;2027
0;2080
1;2028
0;2082
0;2083
2;2032
0;2085
0;2086
1;2034
1;2035
0;2089
1;2037
0;2091
1;2039
1;2040
1;2041
2;2044
2;2045
0;2097
0;2098
1;2046
1;2047
1;2048
1;2049
1;2050
2;2052
0;2105
0;2106
2;2055
2;2056
2;2057
0;2110
2;2059
2;2060
0;2113
1;2062
1;2063
1;2064
1;2065
2;2066
0;2120
0;2121
0;2123
0;2124
0;2125
2;2072
0;2127
1;2074
2;2075
1;2076
1;2077
2;2078
2;2079
1;2079
2;2082
0;2135
0;2136
1;2083
1;2084
1;2085
0;2140
0;2141
2;2090
2;2091
1;2090
0;2146
0;2147
1;2093
0;2149
1;2095
0;2151
1;2097
2;2101
1;2099
0;2155
2;2104
1;2102
1;2103
0;2159
2;2108
2;2109
2;2110
2;2111
1;2109
0;2166
1;2111
2;2114
2;2115
2;2116
1;2115
1;2116
1;2117
1;2118
2;2122
2;2123
2;2124
1;2121
0;2180
0;2181
2;2128
1;2125
0;2185
0;2186
0;2187
2;2132
2;2133
0;2191
0;2192
1;2132
0;2194
2;2139
2;2140
2;2141
2;2142
2;2143
1;2139
0;2200
1;2140
0;2203
2;2149
1;2143
0;2205
2;2151
2;2152
0;2209
0;2210
2;2155
2;2156
2;2157
2;2158
1;2153
2;2160
0;2216
1;2156
0;2218
1;2158
1;2159
1;2160
1;2161
2;2168
0;2223
2;2170
2;2171
2;2172
0;2227
0;2228
0;2229
0;2230
0;2231
0;2232
0;2233
0;2234
0;2235
0;2236
2;2183
2;2184
1;2180
1;2181
2;2188
1;2184
1;2185
1;2186
0;2246
1;2188
0;2248
0;2249
0;2250
0;2251
1;2193
0;2253
0;2254
2;2201
0;2256
2;2203
0;2258
0;2259
0;2260
0;2261
1;2203
1;2204
1;2205
0;2265
1;2207
0;2267
0;2269
0;2270
1;2210
0;2272
0;2273
1;2213
1;2215
1;2216
1;2217
2;2222
2;2223
2;2224
2;2225
0;2281
2;2228
2;2229
0;2284
0;2285
0;2286
2;2233
1;2228
2;2235
2;2236
2;2237
2;2238
2;2239
0;2295
1;2235
0;2297
2;2243
1;2239
1;2240
1;2241
2;2247
2;2248
0;2304
0;2305
1;2245
1;2246
1;2247
0;2310
0;2311
2;2256
2;2257
2;2258
2;2259
2;2260
1;2255
1;2256
1;2257
0;2320
0;2321
2;2266
2;2267
1;2263
1;2264
1;2265
1;2266
2;2272
1;2268
2;2274
2;2275
0;2333
0;2334
0;2335
0;2336
1;2275
1;2276
1;2277
1;2279
1;2280
1;2281
2;2285
0;2343
1;2284
0;2345
1;2286
0;2347
1;2288
1;2289
1;2290
1;2291
2;2294
0;2354
0;2355
0;2356
2;2298
0;2358
2;2300
0;2360
0;2361
0;2362
0;2363
1;2303
0;2364
0;2365
2;2307
0;2367
0;2368
0;2369
0;2370
0;2371
0;2372
0;2373
1;2315
1;2316
2;2316
2;2317
2;2318
2;2319
0;2381
1;2322
0;2382
0;2383
2;2324
0;2385
1;2328
2;2328
2;2329
1;2331
1;2332
1;2333
1;2334
0;2393
0;2395
1;2336
2;2335
2;2336
1;2339
2;2338
1;2341
1;2342
0;2405
2;2342
2;2343
0;2408
2;2345
1;2346
1;2347
1;2348
1;2349
1;2350
1;2351
1;2352
0;2416
0;2417
1;2355
2;2357
2;2358
2;2359
2;2360
0;2423
2;2362
2;2363
2;2364
2;2365
0;2428
0;2429
1;2367
2;2369
0;2433
0;2434
0;2435
0;2436
0;2437
2;2374
0;2439
1;2377
0;2441
0;2442
1;2380
2;2380
1;2382
1;2383
1;2384
2;2384
0;2450
2;2385
1;2387
1;2389
2;2388
1;2391
2;2390
0;2455
2;2392
0;2457
2;2394
1;2397
1;2398
2;2397
0;2463
2;2399
2;2400
2;2401
1;2404
2;2403
0;2469
0;2470
0;2471
0;2472
0;2473
0;2474
0;2475
0;2476
2;2411
1;2416
2;2413
2;2414
1;2418
0;2482
0;2483
2;2419
2;2420
2;2421
2;2422
2;2423
1;2426
0;2489
2;2425
2;2426
2;2427
0;2493
2;2429
0;2496
0;2497
0;2498
0;2499
0;2500
1;2439
2;2436
1;2441
0;2505
0;2506
1;2443
0;2508
0;2509
2;2443
2;2444
2;2445
2;2446
0;2513
1;2452
1;2453
2;2450
0;2517
1;2456
1;2457
2;2454
2;2455
1;2460
1;2461
1;2462
0;2526
0;2527
0;2528
0;2529
0;2530
2;2463
2;2464
1;2471
1;2472
0;2535
1;2474
2;2469
2;2470
2;2471
0;2541
0;2542
1;2479
2;2475
2;2476
1;2482
1;2483
1;2484
2;2480
0;2549
0;2550
1;2488
2;2483
1;2489
2;2486
2;2487
1;2492
1;2494
0;2557
2;2491
2;2492
2;2493
1;2497
1;2498
1;2499
1;2500
0;2566
2;2499
2;2500
0;2568
0;2570
2;2503
1;2506
1;2507
2;2506
2;2507
2;2508
0;2576
0;2577
0;2578
0;2579
0;2580
2;2514
1;2517
1;2518
1;2519
1;2520
2;2519
2;2520
2;2521
0;2588
2;2523
0;2590
1;2526
2;2526
0;2593
2;2528
1;2531
2;2530
2;2531
1;2534
1;2535
2;2534
0;2602
0;2603
0;2604
1;2539
1;2540
1;2541
2;2540
2;2541
1;2544
2;2543
2;2544
0;2613
0;2614
1;2549
0;2616
0;2617
2;2550
1;2552
0;2620
0;2621
0;2622
0;2624
2;2556
2;2557
2;2558
1;2559
1;2560
1;2561
0;2631
2;2563
1;2564
1;2565
2;2565
1;2567
2;2567
2;2568
0;2639
2;2570
1;2572
1;2573
2;2573
2;2574
2;2575
2;2576
0;2647
1;2580
1;2581
2;2580
0;2650
2;2582
1;2585
2;2584
2;2585
1;2589
0;2656
2;2588
0;2658
2;2590
0;2660
2;2592
0;2662
2;2595
2;2596
2;2597
2;2598
0;2667
0;2668
1;2602
1;2603
2;2603
2;2604
2;2605
2;2606
2;2607
0;2675
2;2609
0;2677
0;2678
1;2613
1;2614
2;2614
2;2615
1;2617
1;2618
1;2619
2;2619
2;2620
2;2621
1;2624
2;2623
1;2627
0;2690
0;2691
2;2628
2;2629
2;2630
2;2631
2;2632
1;2635
0;2699
0;2700
0;2701
0;2702
0;2703
0;2704
2;2639
1;2644
0;2707
0;2708
1;2647
0;2710
2;2644
0;2712
0;2713
1;2653
0;2716
1;2655
0;2718
1;2657
2;2652
2;2653
1;2661
1;2662
1;2663
1;2664
1;2665
2;2658
2;2659
0;2728
0;2729
1;2670
1;2671
2;2664
1;2673
1;2674
1;2675
2;2667
2;2668
2;2669
2;2670
1;2681
0;2742
2;2673
1;2683
2;2675
2;2676
2;2677
1;2686
1;2687
2;2680
2;2681
1;2690
1;2691
2;2684
2;2685
0;2755
0;2756
0;2757
0;2758
0;2759
0;2760
1;2700
2;2694
1;2702
2;2696
0;2765
2;2698
2;2699
1;2707
0;2769
0;2770
1;2711
1;2712
0;2773
1;2713
2;2707
0;2776
0;2777
0;2778
0;2779
0;2780
0;2781
0;2782
1;2723
1;2724
0;2785
1;2726
0;2787
0;2788
0;2789
2;2723
1;2731
1;2732
1;2733
0;2794
0;2796
1;2735
1;2736
0;2798
2;2731
2;2732
2;2733
1;2742
1;2743
1;2744
1;2745
1;2746
2;2738
0;2808
1;2749
1;2750
1;2751
1;2752
1;2753
1;2754
1;2755
2;2747
1;2757
1;2758
2;2750
2;2751
2;2752
0;2824
2;2755
2;2756
2;2757
0;2828
0;2829
0;2830
2;2761
0;2832
0;2833
0;2834
0;2835
0;2836
0;2837
2;2769
2;2770
2;2771
1;2778
0;2842
0;2843
1;2781
1;2782
1;2783
1;2784
0;2847
1;2786
0;2849
0;2850
1;2790
1;2791
0;2853
0;2854
2;2787
2;2788
0;2857
1;2796
0;2859
2;2792
1;2799
1;2800
1;2801
1;2802
1;2803
0;2867
0;2868
1;2805
0;2870
2;2802
0;2872
0;2873
1;2810
2;2805
2;2806
0;2878
1;2814
1;2815
1;2816
1;2817
2;2811
0;2884
0;2885
2;2815
1;2821
0;2888
2;2818
1;2824
1;2826
2;2821
2;2822
0;2894
1;2831
0;2896
0;2897
0;2898
1;2835
1;2836
2;2829
0;2903
1;2839
1;2840
2;2834
1;2842
1;2843
1;2844
0;2909
2;2839
0;2912
2;2841
2;2842
2;2843
2;2844
2;2845
2;2846
0;2919
0;2920
0;2921
0;2922
2;2850
1;2858
1;2859
2;2853
0;2928
1;2861
1;2862
1;2863
1;2864
0;2933
0;2934
0;2935
0;2936
2;2863
1;2871
1;2872
1;2873
0;2940
2;2867
0;2942
0;2943
0;2944
2;2871
0;2946
0;2947
2;2874
2;2875
1;2885
0;2952
0;2953
0;2954
1;2889
1;2890
2;2882
1;2892
0;2959
0;2960
2;2886
1;2896
1;2897
1;2898
2;2890
2;2891
1;2901
0;2968
2;2894
1;2905
1;2906
2;2896
2;2897
1;2910
1;2911
1;2912
2;2902
0;2978
1;2915
0;2979
1;2917
0;2981
2;2908
0;2984
1;2921
1;2922
2;2911
0;2987
0;2988
1;2927
0;2990
1;2929
1;2930
1;2931
2;2920
1;2933
1;2934
1;2935
2;2924
2;2925
2;2926
1;2939
0;3001
1;2941
0;3003
0;3004
0;3005
2;2933
2;2934
0;3008
1;2949
1;2950
0;3011
2;2939
1;2953
2;2941
0;3015
0;3016
2;2944
1;2957
0;3019
1;2960
0;3021
1;2962
0;3023
0;3024
0;3025
0;3026
0;3027
0;3028
2;2956
2;2957
1;2970
1;2971
2;2960
2;2961
2;2963
0;3037
1;2975
1;2976
1;2977
1;2978
1;2979
1;2980
1;2981
1;2982
1;2983
2;2972
1;2985
0;3051
0;3052
0;3053
0;3054
1;2989
1;2990
1;2991
2;2981
0;3059
2;2983
2;2984
0;3062
0;3063
1;2999
1;3000
2;2990
1;3001
0;3068
0;3069
1;3005
0;3071
1;3007
2;2996
2;2997
0;3076
0;3077
0;3078
0;3079
0;3080
0;3081
1;3016
1;3017
0;3083
1;3019
2;3007
2;3008
1;3023
1;3024
0;3090
0;3091
0;3092
0;3093
0;3094
2;3015
0;3096
1;3031
0;3098
0;3099
2;3021
1;3035
0;3102
2;3024
0;3104
1;3038
0;3107
2;3029
2;3030
2;3031
2;3032
2;3033
2;3034
0;3114
0;3115
2;3037
0;3117
0;3118
1;3050
1;3051
1;3052
1;3053
1;3054
0;3124
0;3125
2;3048
1;3057
0;3129
0;3130
2;3052
2;3053
2;3054
0;3134
0;3135
1;3064
1;3065
1;3066
2;3061
2;3062
1;3069
2;3064
2;3065
2;3066
2;3067
2;3068
0;3148
0;3149
0;3150
0;3151
1;3079
0;3153
0;3154
2;3075
2;3076
2;3077
2;3078
0;3159
1;3086
1;3087
1;3088
2;3084
1;3090
1;3091
1;3092
0;3168
1;3094
2;3090
2;3091
2;3092
1;3098
1;3099
2;3096
1;3101
0;3176
0;3177
1;3105
1;3106
1;3107
2;3102
1;3109
0;3183
1;3111
2;3106
0;3186
1;3114
1;3115
0;3189
2;3110
0;3191
0;3192
1;3118
1;3120
1;3121
1;3122
0;3196
2;3118
2;3119
2;3120
2;3121
2;3122
1;3130
1;3131
1;3132
2;3126
2;3127
0;3206
0;3207
0;3208
0;3209
2;3132
1;3140
0;3212
1;3142
0;3214
0;3215
0;3216
2;3139
2;3140
0;3220
0;3221
0;3222
0;3223
2;3145
2;3146
1;3153
0;3226
0;3227
2;3150
2;3151
2;3152
0;3231
1;3160
1;3161
1;3162
0;3235
0;3236
0;3237
0;3238
0;3239
0;3240
0;3241
1;3170
2;3165
2;3166
2;3167
2;3168
1;3174
1;3175
1;3176
0;3250
0;3251
0;3252
0;3253
1;3181
1;3182
1;3183
0;3258
1;3185
0;3260
2;3183
2;3184
2;3186
1;3190
1;3191
1;3192
1;3193
1;3194
0;3269
2;3193
2;3194
0;3271
0;3272
0;3273
1;3201
0;3275
0;3276
1;3205
1;3206
0;3279
0;3280
0;3281
1;3210
0;3283
1;3212
0;3285
0;3286
0;3287
0;3288
2;3212
0;3289
0;3290
1;3220
1;3221
0;3293
0;3294
1;3224
2;3221
0;3298
2;3222
2;3223
0;3301
2;3225
0;3303
2;3227
2;3228
1;3233
2;3230
1;3235
2;3232
2;3233
2;3234
1;3240
0;3312
0;3314
0;3315
0;3316
2;3240
0;3317
1;3247
1;3248
0;3320
1;3251
1;3252
0;3323
2;3247
1;3254
2;3249
2;3250
0;3329
0;3331
0;3332
2;3253
2;3254
2;3255
2;3256
1;3263
2;3258
2;3259
1;3266
0;3342
1;3268
1;3269
1;3270
2;3264
0;3347
1;3273
2;3268
2;3269
1;3277
0;3351
1;3279
1;3280
0;3354
0;3355
0;3357
1;3283
2;3277
1;3285
1;3286
1;3288
1;3289
2;3281
1;3291
0;3365
1;3293
1;3294
1;3295
1;3296
1;3297
0;3372
1;3299
1;3300
2;3291
0;3375
2;3293
2;3294
1;3305
0;3379
0;3380
2;3298
0;3382
0;3383
0;3384
0;3385
0;3386
1;3315
2;3306
2;3308
0;3390
2;3310
0;3392
0;3393
0;3394
0;3396
0;3397
0;3398
2;3316
2;3317
2;3318
1;3328
2;3320
2;3321
2;3322
0;3407
2;3324
0;3408
0;3409
2;3327
2;3328
2;3329
2;3330
2;3331
2;3332
2;3333
2;3334
2;3335
2;3336
2;3337
1;3346
2;3339
1;3348
1;3349
1;3350
1;3351
0;3428
2;3346
1;3354
1;3355
2;3349
0;3433
1;3358
0;3435
2;3353
0;3437
1;3361
1;3362
2;3358
2;3359
1;3365
1;3366
2;3362
2;3363
2;3364
2;3365
2;3366
2;3367
1;3374
0;3451
2;3370
1;3377
0;3455
2;3373
2;3374
2;3375
0;3460
1;3383
2;3379
2;3380
2;3381
0;3465
0;3466
0;3467
0;3468
0;3469
1;3391
0;3471
0;3472
1;3395
2;3391
1;3397
1;3398
0;3477
1;3400
1;3401
1;3402
1;3403
1;3404
2;3399
1;3406
0;3485
2;3402
1;3410
2;3404
2;3405
0;3490
0;3491
1;3415
1;3416
2;3410
2;3411
0;3495
0;3496
0;3497
0;3498
0;3499
2;3417
2;3418
2;3419
2;3420
0;3505
1;3429
0;3507
1;3431
2;3425
0;3510
0;3511
0;3512
2;3429
2;3431
1;3437
1;3438
1;3439
1;3440
0;3520
0;3521
2;3437
2;3438
0;3524
0;3525
0;3526
2;3442
0;3528
1;3450
0;3530
2;3446
1;3453
1;3454
2;3449
1;3457
2;3451
1;3459
2;3453
0;3540
0;3541
1;3463
1;3464
0;3544
1;3465
1;3467
2;3461
2;3462
0;3548
1;3471
2;3466
0;3551
2;3468
2;3469
1;3475
0;3556
0;3557
1;3478
1;3479
1;3480
1;3481
1;3482
2;3477
0;3563
2;3479
2;3480
2;3481
2;3483
2;3484
0;3569
2;3486
2;3487
1;3494
0;3573
0;3574
1;3497
1;3498
2;3492
1;3500
1;3501
1;3502
2;3496
2;3497
1;3505
1;3506
2;3499
0;3587
0;3588
0;3589
0;3590
1;3512
2;3506
0;3593
1;3516
1;3517
2;3510
1;3519
0;3598
1;3521
1;3522
1;3523
1;3524
0;3603
0;3604
0;3605
0;3606
2;3521
0;3607
0;3608
1;3533
1;3534
1;3535
1;3536
2;3527
2;3528
0;3615
2;3529
0;3617
2;3531
0;3619
0;3620
0;3621
0;3622
0;3623
2;3537
0;3625
1;3549
0;3627
0;3628
0;3629
2;3543
2;3544
0;3632
0;3633
2;3547
2;3548
1;3560
1;3561
0;3638
1;3563
0;3640
0;3641
0;3642
0;3643
0;3644
2;3557
2;3558
0;3647
2;3560
2;3561
1;3574
2;3563
1;3576
2;3565
1;3578
1;3579
0;3656
1;3581
1;3583
2;3571
2;3572
1;3585
1;3586
1;3587
0;3663
2;3578
2;3579
1;3592
0;3667
0;3668
2;3583
0;3669
0;3671
1;3598
2;3587
1;3599
1;3600
1;3601
2;3591
0;3677
0;3678
0;3679
1;3606
1;3607
1;3609
2;3598
2;3599
2;3600
1;3613
2;3602
0;3689
2;3604
0;3691
0;3692
2;3608
0;3694
0;3695
0;3696
2;3612
2;3613
2;3614
2;3615
2;3616
2;3617
1;3628
1;3629
1;3630
0;3706
1;3633
1;3634
0;3708
0;3709
0;3710
1;3639
2;3627
0;3713
0;3714
2;3630
0;3716
1;3645
0;3718
1;3647
2;3636
0;3721
2;3638
2;3639
2;3640
2;3641
1;3654
1;3655
2;3644
2;3645
2;3646
2;3647
2;3648
2;3649
0;3733
0;3734
1;3662
0;3736
0;3737
2;3654
0;3739
0;3740
2;3658
1;3670
2;3660
0;3744
1;3673
1;3674
2;3664
2;3665
0;3749
1;3678
1;3679
1;3680
1;3681
0;3753
2;3672
0;3755
2;3674
0;3757
1;3688
0;3759
2;3678
0;3761
0;3762
2;3681
1;3694
1;3695
2;3683
0;3767
0;3768
2;3686
2;3688
2;3689
1;3702
1;3703
2;3692
0;3775
1;3706
2;3694
0;3777
1;3708
0;3779
1;3711
0;3782
0;3783
2;3701
2;3702
1;3715
1;3716
2;3706
2;3707
1;3720
1;3721
2;3710
2;3711
1;3724
2;3713
2;3714
2;3715
2;3716
2;3717
2;3718
1;3731
2;3720
1;3734
1;3735
0;3805
0;3806
0;3807
0;3808
0;3809
0;3810
0;3811
1;3743
2;3730
2;3731
0;3814
2;3734
1;3748
0;3817
2;3737
0;3819
0;3820
2;3740
2;3741
2;3742
0;3823
0;3824
0;3825
1;3759
2;3747
0;3828
0;3829
1;3763
0;3831
2;3753
0;3833
1;3766
1;3767
2;3756
2;3757
2;3758
2;3759
2;3760
0;3841
0;3842
1;3775
0;3844
0;3845
2;3766
2;3767
1;3780
2;3769
2;3770
0;3852
2;3772
0;3854
2;3774
1;3787
2;3776
1;3789
0;3858
1;3792
0;3860
1;3794
0;3863
0;3864
1;3796
0;3866
2;3785
2;3786
1;3801
1;3802
2;3790
2;3791
2;3792
0;3874
0;3875
0;3876
2;3796
1;3810
0;3879
0;3880
2;3800
2;3801
0;3883
0;3884
2;3804
1;3818
1;3819
1;3820
1;3821
0;3890
0;3891
0;3892
0;3893
0;3894
0;3895
0;3896
2;3815
2;3816
1;3830
0;3901
1;3832
2;3821
2;3822
2;3823
2;3824
0;3907
0;3908
0;3909
0;3910
1;3840
1;3841
2;3830
1;3844
0;3916
1;3846
0;3918
2;3835
1;3849
1;3850
0;3921
1;3852
2;3840
1;3854
2;3842
1;3856
1;3857
0;3929
1;3859
1;3860
1;3861
1;3862
1;3863
0;3935
2;3851
1;3866
0;3938
1;3868
1;3869
1;3870
2;3858
2;3859
2;3860
2;3861
2;3862
2;3863
2;3864
0;3948
0;3949
0;3950
1;3880
1;3881
1;3882
1;3883
0;3956
0;3957
2;3873
2;3875
0;3961
2;3877
1;3890
2;3878
1;3892
1;3893
1;3894
2;3882
0;3968
1;3897
1;3898
1;3899
1;3900
1;3901
0;3974
2;3890
2;3891
2;3892
2;3893
1;3907
1;3908
1;3909
0;3984
0;3985
0;3986
1;3913
0;3988
0;3989
0;3990
0;3991
0;3992
1;3918
1;3919
2;3909
2;3910
2;3911
2;3912
2;3913
0;4000
2;3915
1;3929
0;4003
1;3930
0;4005
1;3932
2;3920
0;4009
2;3922
0;4011
2;3924
2;3925
1;3938
1;3939
1;3940
1;3941
1;3942
2;3932
0;4019
0;4020
0;4021
0;4022
1;3947
2;3937
0;4026
0;4027
2;3940
0;4029
1;3954
1;3955
1;3956
2;3945
2;3946
2;3947
1;3959
0;4037
0;4038
0;4040
2;3952
0;4042
0;4043
1;3966
2;3956
0;4047
2;3958
1;3970
2;3960
2;3961
2;3962
2;3963
2;3964
2;3965
0;4056
1;3978
2;3968
2;3969
1;3981
0;4062
0;4063
0;4064
0;4065
1;3985
1;3986
1;3987
0;4069
2;3978
2;3979
2;3980
2;3981
1;3993
0;4076
2;3985
2;3986
1;3996
2;3988
2;3989
2;3990
1;4000
0;4084
2;3993
1;4003
1;4004
0;4088
0;4089
2;3999
1;4007
1;4008
1;4009
1;4010
2;4005
1;4012
2;4007
0;4098
0;4099
0;4100
0;4101
1;4019
0;4103
0;4104
0;4105
0;4106
2;4016
2;4017
0;4108
1;4027
1;4028
1;4029
0;4113
1;4030
0;4114
0;4115
0;4116
2;4027
1;4034
0;4119
1;4036
1;4038
0;4121
1;4040
1;4041
0;4125
1;4043
2;4036
1;4045
0;4129
2;4040
2;4041
2;4042
0;4133
2;4044
0;4135
1;4052
2;4047
0;4138
0;4139
0;4140
2;4051
1;4059
1;4060
2;4053
1;4062
2;4055
1;4064
2;4057
2;4058
0;4149
0;4150
0;4151
2;4062
0;4153
0;4154
1;4072
2;4066
2;4067
1;4076
1;4077
1;4078
1;4079
2;4072
1;4082
0;4164
1;4084
1;4085
1;4086
1;4087
2;4078
2;4079
0;4171
0;4173
0;4174
0;4175
2;4084
0;4178
1;4095
0;4180
1;4097
0;4182
1;4100
2;4091
2;4092
0;4186
0;4187
1;4105
2;4096
0;4190
2;4098
1;4110
0;4193
1;4111
1;4113
2;4104
2;4105
1;4115
0;4198
0;4199
1;4118
0;4201
2;4110
2;4111
1;4122
0;4205
2;4115
0;4207
2;4117
1;4126
1;4127
2;4120
2;4121
0;4213
1;4132
2;4123
2;4124
2;4125
0;4218
1;4137
1;4138
2;4130
0;4222
2;4131
1;4141
2;4134
2;4135
2;4136
2;4137
2;4138
2;4139
2;4140
2;4141
1;4149
0;4234
1;4152
1;4153
2;4147
0;4238
2;4149
2;4150
2;4151
2;4152
1;4161
1;4162
0;4245
0;4246
0;4247
1;4167
0;4249
1;4169
0;4251
1;4171
0;4253
0;4254
0;4255
0;4256
0;4257
0;4258
0;4259
2;4169
2;4170
1;4181
1;4182
0;4265
2;4174
2;4175
2;4176
2;4177
0;4269
0;4270
0;4272
2;4180
0;4273
1;4192
0;4275
1;4195
0;4278
2;4188
2;4189
1;4199
2;4191
2;4192
0;4283
1;4202
1;4204
1;4205
0;4287
1;4207
1;4208
0;4291
1;4210
1;4211
2;4203
2;4204
0;4295
0;4296
2;4207
1;4218
0;4299
1;4220
1;4221
0;4302
0;4303
0;4304
2;4214
0;4307
0;4308
0;4309
2;4218
2;4219
1;4232
1;4233
1;4234
0;4315
0;4316
2;4224
2;4225
2;4226
2;4227
2;4228
1;4241
2;4230
2;4231
2;4232
2;4233
0;4327
1;4248
0;4329
0;4330
0;4331
0;4332
0;4333
0;4334
1;4256
1;4257
2;4244
1;4259
2;4246
2;4247
0;4341
2;4249
1;4263
1;4264
2;4252
2;4254
2;4255
2;4256
1;4268
1;4269
2;4259
1;4271
2;4261
0;4356
1;4274
1;4275
1;4276
0;4360
0;4361
0;4362
0;4363
0;4364
1;4281
0;4366
2;4273
0;4368
0;4369
1;4286
2;4279
1;4288
2;4281
2;4282
0;4374
2;4284
0;4376
0;4377
0;4378
0;4379
0;4380
1;4298
1;4299
1;4300
1;4301
1;4302
1;4303
1;4304
1;4305
1;4306
1;4307
0;4390
1;4309
0;4392
2;4302
2;4303
1;4314
2;4305
2;4306
2;4308
0;4400
2;4309
0;4402
2;4311
2;4312
0;4405
0;4406
2;4315
0;4408
1;4326
1;4327
0;4411
2;4320
2;4321
2;4322
0;4415
0;4416
0;4417
0;4418
0;4419
2;4328
0;4421
2;4331
1;4341
0;4424
0;4425
0;4427
0;4428
1;4346
1;4347
0;4430
1;4349
2;4341
1;4351
2;4343
0;4436
0;4437
0;4438
0;4439
0;4440
0;4441
0;4442
0;4443
1;4362
1;4363
2;4353
2;4354
2;4355
2;4356
2;4357
1;4368
0;4451
2;4360
1;4372
0;4454
0;4455
0;4456
1;4376
1;4377
1;4378
0;4460
1;4380
1;4381
1;4382
1;4384
2;4373
1;4386
1;4387
2;4376
1;4389
0;4469
2;4379
1;4392
0;4472
2;4382
1;4395
1;4396
2;4385
1;4398
1;4399
2;4388
0;4479
0;4480
0;4481
0;4482
2;4392
2;4393
2;4394
2;4395
2;4396
2;4397
1;4413
2;4399
2;4400
0;4491
2;4402
1;4418
0;4494
2;4404
2;4405
1;4421
2;4407
0;4500
1;4425
0;4502
0;4503
0;4504
0;4505
0;4506
1;4430
1;4431
1;4432
0;4511
2;4419
1;4436
0;4514
0;4515
0;4516
2;4424
1;4440
2;4426
1;4442
1;4444
0;4523
0;4524
2;4431
0;4526
1;4448
1;4449
0;4529
2;4437
2;4438
1;4454
0;4533
0;4534
0;4535
1;4457
0;4537
2;4444
2;4445
1;4461
2;4447
0;4543
1;4464
1;4465
0;4545
1;4468
0;4547
0;4548
2;4455
2;4456
2;4457
2;4458
2;4459
1;4476
2;4462
2;4463
2;4464
2;4465
2;4466
1;4482
2;4468
1;4483
2;4470
0;4561
2;4472
0;4564
0;4565
2;4474
2;4475
2;4477
0;4570
0;4571
2;4480
2;4481
2;4482
0;4574
0;4575
0;4576
1;4501
1;4502
1;4503
1;4504
0;4581
0;4582
1;4507
2;4492
1;4509
0;4586
0;4587
0;4588
1;4513
1;4514
1;4515
1;4516
2;4500
2;4502
2;4503
0;4596
1;4520
1;4521
1;4522
0;4600
0;4601
0;4602
2;4511
2;4512
2;4513
2;4514
2;4515
0;4607
0;4608
0;4609
0;4610
0;4611
2;4521
2;4522
1;4540
2;4524
0;4616
1;4542
0;4618
0;4619
0;4620
0;4621
2;4532
1;4548
2;4534
2;4535
0;4626
1;4551
2;4538
2;4539
2;4541
2;4542
0;4632
2;4543
2;4545
2;4546
2;4547
2;4548
2;4549
0;4639
2;4551
0;4641
0;4642
0;4643
0;4644
0;4645
0;4646
2;4558
1;4572
1;4573
2;4561
2;4562
0;4652
0;4653
1;4579
1;4580
2;4567
0;4656
1;4584
1;4585
0;4659
2;4573
2;4574
1;4589
2;4576
2;4577
2;4578
1;4592
2;4580
2;4581
2;4582
2;4583
0;4671
0;4672
2;4586
0;4674
0;4676
1;4603
1;4604
1;4605
1;4606
1;4607
1;4608
0;4682
2;4596
2;4597
2;4598
0;4687
1;4614
0;4689
2;4601
2;4602
0;4692
1;4620
2;4605
1;4621
0;4696
1;4624
1;4625
1;4626
2;4611
0;4701
0;4702
2;4614
2;4615
1;4633
1;4634
2;4617
2;4618
1;4637
2;4620
1;4639
2;4622
1;4641
0;4715
0;4716
0;4717
0;4718
0;4719
0;4720
0;4721
2;4630
1;4649
0;4725
0;4726
0;4727
0;4728
2;4637
0;4730
0;4731
0;4732
0;4733
2;4642
2;4643
0;4736
2;4645
0;4737
0;4738
0;4739
1;4666
2;4651
2;4652
1;4669
2;4654
1;4671
0;4746
0;4747
1;4674
1;4675
2;4659
0;4751
0;4752
0;4753
0;4754
0;4755
0;4756
2;4665
0;4757
1;4685
2;4668
0;4760
1;4689
1;4690
0;4763
0;4764
1;4693
2;4675
2;4676
0;4769
0;4770
0;4771
1;4699
1;4700
0;4773
1;4702
1;4703
1;4704
0;4777
0;4778
1;4707
0;4780
0;4781
1;4710
0;4783
0;4784
0;4785
2;4695
2;4696
2;4697
2;4698
1;4717
1;4718
2;4701
0;4793
1;4722
1;4723
2;4705
2;4706
2;4707
0;4798
1;4729
2;4710
0;4801
2;4713
2;4714
2;4715
2;4716
0;4805
0;4806
0;4807
0;4808
1;4739
0;4810
1;4741
2;4723
2;4724
1;4744
2;4726
0;4816
1;4747
1;4748
1;4749
0;4819
1;4750
1;4751
1;4752
2;4737
0;4824
2;4738
1;4756
1;4757
2;4741
2;4742
0;4831
1;4761
2;4745
0;4834
1;4763
1;4765
0;4836
1;4767
1;4768
0;4838
2;4754
1;4772
1;4773
2;4757
2;4758
2;4759
2;4760
2;4761
2;4762
2;4763
2;4764
2;4765
2;4766
2;4767
1;4784
2;4770
2;4771
1;4788
1;4789
2;4774
2;4775
1;4792
1;4793
1;4794
1;4795
1;4796
1;4797
1;4798
1;4799
1;4800
1;4801
2;4785
2;4786
0;4872
2;4788
2;4789
2;4790
2;4791
2;4792
2;4793
2;4794
1;4812
1;4813
0;4881
1;4815
1;4816
1;4817
0;4885
2;4802
0;4887
0;4888
1;4823
1;4824
2;4807
2;4808
1;4827
0;4894
2;4811
0;4897
0;4898
0;4899
1;4832
0;4901
2;4817
0;4903
0;4904
0;4905
1;4837
0;4907
0;4908
1;4840
1;4841
0;4911
2;4828
2;4829
0;4913
0;4914
2;4832
2;4833
0;4917
2;4835
1;4850
2;4838
2;4839
2;4840
0;4924
0;4925
2;4843
2;4844
1;4858
2;4845
2;4847
1;4860
1;4861
1;4862
2;4851
1;4864
0;4937
0;4938
0;4939
1;4868
1;4869
1;4870
0;4943
1;4872
2;4862
2;4863
2;4864
2;4865
1;4877
1;4878
1;4879
1;4880
1;4881
1;4882
1;4883
1;4884
0;4957
1;4886
1;4887
0;4960
1;4889
0;4962
1;4891
2;4882
2;4883
2;4884
2;4885
0;4967
2;4887
1;4898
1;4899
2;4890
2;4891
1;4902
2;4893
2;4895
2;4896
2;4897
0;4976
0;4977
0;4978
1;4910
0;4980
2;4903
0;4982
0;4983
2;4906
2;4907
2;4908
2;4909
2;4910
0;4989
2;4912
1;4922
1;4923
0;4993
1;4925
1;4926
0;4996
1;4928
1;4929
1;4930
2;4923
0;5001
0;5002
1;4934
1;4935
1;4936
2;4929
2;4930
2;4931
1;4940
0;5009
2;4934
1;4943
2;4936
1;4946
1;4947
0;5015
0;5016
0;5017
0;5018
1;4951
1;4952
1;4953
1;4954
1;4955
1;4956
1;4957
1;4958
1;4959
1;4960
0;5029
2;4954
2;4955
0;5032
1;4965
2;4958
0;5035
1;4968
1;4969
0;5038
0;5039
0;5040
0;5041
1;4973
2;4968
2;4969
2;4970
0;5046
0;5047
2;4973
1;4981
1;4982
1;4983
0;5051
0;5052
2;4979
1;4988
1;4989
1;4990
1;4991
1;4992
2;4985
2;4986
0;5062
1;4995
2;4989
0;5064
2;4991
0;5066
2;4993
2;4994
0;5069
1;5004
1;5005
1;5006
1;5007
1;5008
0;5075
2;5002
2;5003
1;5012
1;5013
1;5014
2;5006
1;5016
1;5017
0;5086
1;5019
2;5012
1;5020
0;5090
2;5014
0;5092
0;5093
1;5025
2;5018
2;5019
1;5029
2;5021
2;5022
2;5023
2;5024
2;5025
2;5026
2;5027
1;5036
0;5106
0;5107
1;5039
2;5032
2;5033
2;5034
0;5112
2;5036
1;5046
0;5115
0;5116
1;5048
0;5118
2;5042
2;5043
0;5121
1;5053
0;5123
0;5124
0;5125
0;5126
0;5127
2;5051
1;5061
0;5130
0;5131
1;5064
0;5133
1;5066
0;5135
0;5136
2;5059
2;5061
1;5071
1;5072
1;5073
0;5143
1;5075
0;5144
1;5077
2;5069
1;5079
0;5148
0;5149
2;5072
1;5083
2;5074
2;5075
1;5086
1;5087
1;5088
2;5078
2;5079
0;5160
2;5080
0;5161
2;5082
1;5095
2;5084
0;5165
2;5086
1;5100
2;5088
0;5169
0;5171
0;5172
2;5093
2;5094
2;5095
0;5175
1;5108
1;5109
2;5098
0;5180
2;5101
1;5114
1;5115
1;5116
1;5117
1;5118
1;5119
2;5107
1;5121
0;5189
1;5123
2;5111
2;5112
0;5194
2;5115
1;5128
1;5129
1;5130
0;5198
2;5120
0;5200
0;5201
2;5123
0;5204
0;5205
0;5206
1;5138
0;5208
0;5209
2;5130
2;5131
2;5132
2;5133
2;5134
0;5215
0;5216
2;5137
0;5218
2;5139
1;5152
2;5141
2;5142
0;5223
2;5144
0;5225
0;5226
0;5227
0;5228
0;5229
2;5149
1;5162
0;5232
2;5152
1;5165
0;5235
0;5236
0;5237
0;5238
2;5158
2;5159
2;5160
0;5242
1;5174
2;5163
0;5245
1;5177
2;5166
2;5167
1;5179
2;5169
1;5181
1;5182
2;5172
2;5173
2;5174
2;5175
1;5188
0;5258
1;5189
1;5190
0;5261
0;5262
0;5263
2;5183
0;5266
0;5267
0;5268
0;5269
0;5270
0;5271
0;5272
0;5273
0;5274
0;5275
2;5194
2;5195
1;5206
1;5207
0;5280
0;5281
2;5199
1;5211
1;5212
1;5213
2;5203
2;5204
2;5205
2;5206
1;5217
0;5290
0;5291
0;5292
1;5222
1;5223
1;5224
2;5214
2;5215
0;5298
0;5299
2;5217
2;5218
0;5302
2;5221
2;5222
1;5233
2;5224
1;5235
0;5309
2;5227
2;5228
1;5239
2;5229
1;5242
1;5243
1;5244
1;5245
0;5317
1;5247
2;5236
2;5237
0;5321
2;5239
0;5323
0;5324
0;5325
1;5255
1;5256
1;5257
0;5328
2;5246
0;5330
1;5262
1;5263
2;5251
0;5334
1;5266
0;5336
0;5337
0;5338
0;5339
0;5340
1;5271
1;5272
0;5343
0;5344
0;5345
0;5346
1;5276
1;5277
1;5278
1;5280
2;5269
2;5270
2;5271
2;5272
0;5355
1;5286
1;5288
1;5289
1;5290
2;5278
1;5292
1;5293
2;5281
0;5363
0;5364
1;5297
0;5366
0;5367
0;5368
0;5369
1;5303
1;5304
1;5305
1;5306
2;5294
0;5375
1;5308
2;5296
0;5377
2;5298
0;5379
1;5313
2;5301
1;5315
2;5303
1;5317
2;5305
2;5306
1;5319
0;5389
0;5390
0;5391
1;5323
1;5324
1;5326
2;5314
1;5328
0;5397
0;5398
0;5399
0;5400
1;5334
1;5336
1;5337
1;5338
0;5404
1;5340
1;5341
2;5326
2;5327
2;5328
0;5410
0;5411
2;5331
2;5332
0;5414
2;5334
0;5416
0;5417
0;5418
0;5419
2;5338
2;5339
2;5340
2;5341
1;5359
0;5426
2;5344
1;5362
2;5346
2;5347
0;5430
1;5366
1;5367
0;5433
0;5434
2;5354
2;5355
0;5437
0;5438
0;5439
2;5360
2;5361
2;5362
2;5363
2;5364
2;5365
0;5446
0;5447
0;5448
0;5449
0;5450
2;5372
0;5452
0;5453
2;5374
2;5375
0;5456
0;5457
1;5392
1;5393
1;5394
1;5395
2;5382
0;5462
2;5385
1;5399
0;5465
2;5387
1;5403
0;5468
1;5405
2;5391
2;5392
0;5472
2;5394
2;5395
1;5411
0;5475
0;5476
0;5477
2;5401
2;5402
2;5403
2;5404
0;5483
1;5420
1;5421
0;5485
0;5486
1;5424
1;5425
1;5426
1;5427
1;5428
2;5415
2;5417
1;5432
0;5495
2;5420
1;5434
1;5435
1;5436
1;5438
2;5425
2;5426
0;5504
1;5441
0;5506
1;5444
0;5507
0;5508
0;5509
0;5510
2;5434
2;5436
1;5450
2;5438
0;5515
0;5516
0;5517
1;5455
2;5443
0;5520
1;5458
1;5459
2;5447
1;5460
0;5524
0;5525
0;5527
0;5528
0;5529
2;5454
0;5531
2;5456
1;5470
1;5471
1;5472
0;5536
0;5537
0;5538
1;5476
1;5477
0;5541
2;5466
1;5480
1;5481
1;5482
0;5547
0;5548
0;5549
0;5550
1;5486
1;5487
1;5488
1;5489
1;5490
2;5480
2;5481
1;5492
0;5559
0;5560
2;5485
1;5497
1;5498
2;5488
1;5500
2;5490
2;5491
0;5568
2;5493
2;5494
1;5506
2;5496
2;5497
2;5498
2;5499
1;5511
2;5501
2;5502
1;5515
1;5516
0;5582
0;5583
0;5584
0;5585
0;5586
1;5522
0;5588
0;5589
0;5590
1;5526
2;5514
2;5515
2;5516
1;5530
1;5532
2;5519
1;5534
2;5521
0;5599
1;5538
2;5524
0;5602
2;5526
1;5542
1;5543
0;5607
1;5545
2;5530
1;5547
1;5548
1;5549
1;5550
1;5551
2;5536
2;5537
2;5538
1;5554
0;5618
2;5541
2;5542
2;5543
2;5544
1;5561
1;5562
1;5563
0;5626
2;5548
0;5628
2;5550
1;5569
1;5570
1;5571
1;5572
1;5573
1;5574
1;5575
1;5576
1;5577
1;5578
2;5561
2;5562
2;5563
2;5564
0;5644
1;5584
2;5566
0;5647
0;5648
0;5649
0;5650
0;5651
1;5591
1;5592
0;5654
0;5655
0;5656
0;5657
0;5658
0;5659
0;5660
0;5661
1;5601
2;5582
2;5583
2;5584
2;5585
2;5586
0;5669
0;5670
1;5609
2;5590
2;5591
0;5674
2;5593
1;5613
1;5614
1;5615
1;5616
1;5617
0;5681
0;5682
0;5683
1;5621
2;5603
2;5604
1;5623
1;5624
1;5625
0;5690
2;5609
1;5628
2;5611
0;5694
1;5630
0;5696
1;5632
1;5633
1;5634
1;5636
1;5637
1;5638
2;5621
2;5622
1;5641
0;5706
2;5625
2;5626
2;5627
0;5711
0;5712
1;5647
0;5714
2;5633
0;5717
0;5718
0;5719
0;5720
0;5721
2;5639
2;5640
1;5656
1;5657
2;5642
2;5643
2;5644
1;5662
2;5646
0;5731
1;5666
2;5649
0;5735
0;5736
1;5669
1;5670
2;5654
2;5655
2;5656
1;5674
2;5659
1;5677
1;5678
1;5679
1;5680
1;5681
1;5682
2;5665
0;5751
2;5667
1;5687
1;5688
1;5689
0;5757
0;5758
0;5759
0;5760
2;5675
0;5762
2;5677
2;5678
2;5679
2;5680
2;5681
0;5768
0;5770
2;5684
2;5685
2;5686
2;5687
2;5688
2;5689
0;5778
1;5712
0;5780
1;5714
1;5715
0;5783
0;5784
0;5785
0;5786
1;5720
1;5721
1;5722
0;5790
1;5725
0;5792
2;5704
1;5728
2;5707
1;5730
1;5731
1;5732
2;5711
0;5799
2;5713
0;5801
0;5802
0;5803
0;5804
0;5805
0;5806
0;5807
2;5722
1;5744
0;5811
1;5745
0;5812
0;5813
0;5814
0;5815
0;5816
0;5817
2;5731
1;5754
1;5755
1;5756
1;5757
1;5758
1;5759
2;5737
2;5738
0;5827
1;5764
1;5765
1;5766
2;5743
1;5768
1;5769
1;5770
0;5834
1;5773
2;5749
2;5750
0;5838
0;5839
0;5840
0;5841
2;5755
2;5756
1;5781
1;5782
0;5847
0;5848
1;5784
0;5849
0;5851
1;5787
2;5765
0;5854
1;5790
0;5856
0;5857
0;5858
2;5771
0;5860
0;5861
2;5774
0;5862
1;5800
2;5777
1;5802
2;5779
2;5780
0;5869
0;5870
0;5871
2;5784
2;5785
1;5810
2;5787
0;5876
1;5813
0;5878
0;5879
0;5880
2;5793
0;5883
0;5884
1;5819
0;5886
1;5821
1;5822
1;5823
2;5802
0;5891
1;5826
0;5893
0;5894
0;5895
0;5896
2;5809
2;5810
2;5811
0;5900
0;5901
0;5902
0;5903
0;5904
0;5905
1;5839
0;5907
2;5820
2;5821
2;5822
2;5823
0;5912
0;5913
0;5914
0;5915
0;5916
0;5917
0;5918
2;5831
2;5832
2;5833
2;5834
0;5923
0;5924
0;5925
1;5859
1;5860
1;5861
1;5862
2;5842
2;5843
2;5844
2;5845
2;5846
1;5867
1;5868
1;5869
1;5870
1;5871
0;5941
0;5942
1;5873
2;5855
2;5856
2;5857
2;5858
0;5948
0;5949
1;5879
1;5880
0;5952
0;5953
0;5954
2;5867
1;5884
1;5885
1;5886
1;5887
1;5888
1;5889
2;5875
1;5891
2;5877
2;5878
1;5894
1;5895
1;5896
1;5897
0;5969
2;5884
1;5901
2;5886
1;5903
1;5904
1;5905
0;5976
1;5907
2;5891
0;5980
2;5893
1;5910
1;5911
0;5984
0;5985
0;5986
1;5915
1;5916
2;5902
2;5903
1;5918
0;5991
2;5906
0;5993
0;5994
0;5995
1;5925
2;5912
2;5913
2;5914
0;6000
1;5930
2;5917
2;5918
0;6003
1;5933
2;5921
2;5923
2;5924
2;5925
1;5939
0;6010
2;5927
0;6013
1;5943
1;5944
1;5945
1;5946
1;5947
1;5948
1;5949
2;5936
1;5952
1;5953
0;6025
0;6026
1;5955
0;6028
1;5957
1;5958
1;5959
1;5960
2;5946
0;6034
0;6035
0;6036
2;5950
2;5951
0;6038
2;5953
0;6040
2;5955
1;5972
1;5973
1;5974
0;6045
0;6046
0;6047
0;6048
0;6049
0;6051
0;6052
0;6053
0;6054
1;5983
2;5968
2;5969
2;5970
0;6060
0;6061
0;6062
0;6063
0;6064
0;6065
1;5994
0;6067
0;6068
1;5997
2;5981
0;6071
1;6000
2;5984
2;5985
1;6003
1;6004
2;5988
1;6006
1;6007
0;6080
0;6081
0;6082
1;6010
0;6084
1;6012
2;5996
2;5997
2;5998
1;6017
0;6091
2;6001
1;6020
1;6021
1;6022
1;6023
0;6097
0;6098
1;6026
1;6027
2;6010
1;6029
0;6104
1;6031
0;6106
2;6015
1;6034
0;6109
0;6110
1;6037
2;6019
2;6020
2;6021
2;6022
0;6116
2;6025
2;6026
2;6027
2;6028
1;6048
1;6049
1;6050
0;6123
0;6124
2;6033
0;6126
0;6127
2;6035
2;6037
1;6060
1;6062
0;6132
2;6041
2;6042
1;6065
1;6066
1;6067
0;6138
2;6046
1;6070
0;6141
2;6049
0;6143
1;6075
1;6076
1;6077
1;6078
1;6079
0;6149
0;6150
1;6083
2;6058
0;6153
1;6086
1;6087
1;6088
1;6089
0;6158
1;6091
2;6067
0;6161
2;6069
1;6096
0;6163
0;6164
0;6165
0;6166
0;6167
0;6168
0;6169
0;6170
2;6079
2;6080
2;6081
1;6108
1;6109
1;6110
1;6111
1;6112
0;6179
1;6114
2;6089
2;6090
2;6091
2;6092
2;6093
0;6186
0;6187
0;6188
2;6097
2;6098
2;6099
0;6191
2;6101
0;6193
0;6194
2;6104
2;6105
2;6106
2;6107
1;6135
0;6199
0;6200
2;6111
0;6202
0;6203
0;6204
2;6115
2;6116
0;6208
2;6117
2;6118
1;6147
2;6120
1;6149
1;6150
0;6216
0;6217
2;6125
2;6126
1;6155
0;6221
0;6222
2;6129
2;6130
2;6131
0;6227
0;6228
0;6229
1;6164
2;6136
0;6231
1;6167
1;6168
0;6234
1;6170
2;6143
2;6144
2;6145
2;6146
2;6147
2;6148
1;6176
1;6177
2;6151
0;6244
2;6153
2;6154
2;6155
2;6156
1;6184
1;6185
0;6251
2;6160
1;6188
2;6162
0;6255
0;6257
2;6165
2;6166
1;6194
1;6195
2;6169
2;6170
2;6171
2;6172
2;6173
1;6201
1;6202
0;6268
0;6269
1;6205
1;6206
1;6207
1;6208
1;6209
1;6210
1;6211
1;6212
0;6278
1;6214
1;6215
0;6281
0;6282
2;6191
2;6192
0;6285
0;6286
0;6287
0;6288
0;6289
0;6290
0;6291
2;6200
1;6229
1;6230
1;6231
1;6232
0;6297
1;6235
1;6236
1;6237
1;6238
1;6239
1;6240
0;6304
0;6305
0;6306
1;6243
1;6244
1;6245
2;6218
0;6311
0;6312
1;6249
2;6222
2;6223
0;6316
0;6317
0;6318
0;6319
1;6255
0;6322
2;6229
2;6230
2;6231
2;6232
0;6327
2;6234
2;6235
0;6330
0;6331
1;6266
0;6333
0;6334
0;6335
0;6336
0;6337
0;6338
1;6273
1;6274
2;6248
2;6249
2;6250
1;6277
1;6278
2;6253
2;6254
2;6255
0;6348
1;6283
1;6284
1;6285
0;6352
2;6262
2;6263
0;6355
1;6290
1;6291
1;6292
1;6293
1;6294
1;6295
1;6296
1;6297
1;6298
1;6299
1;6300
1;6301
1;6302
1;6303
1;6304
2;6280
1;6306
1;6307
2;6284
2;6285
1;6310
1;6311
1;6312
0;6379
1;6314
1;6315
2;6293
0;6383
0;6384
0;6385
0;6386
0;6387
0;6388
0;6389
2;6301
1;6324
0;6392
0;6393
0;6394
0;6395
0;6396
1;6330
1;6331
0;6399
0;6400
0;6401
2;6314
2;6315
2;6316
1;6338
0;6405
2;6318
2;6319
0;6408
2;6321
2;6322
2;6323
1;6346
1;6347
0;6415
2;6327
2;6328
1;6351
2;6330
2;6331
1;6354
2;6333
2;6334
1;6356
2;6336
0;6426
0;6427
0;6428
2;6340
1;6362
2;6342
2;6343
0;6433
0;6434
2;6346
2;6347
2;6348
2;6349
2;6350
2;6351
2;6352
1;6374
2;6354
1;6375
0;6446
0;6447
1;6378
1;6379
1;6380
1;6381
2;6362
1;6383
1;6384
1;6385
2;6365
2;6366
2;6367
1;6390
0;6462
1;6392
1;6393
0;6465
1;6396
1;6397
1;6398
1;6399
1;6400
2;6377
1;6402
0;6472
1;6404
2;6382
1;6406
1;6407
1;6408
1;6409
1;6410
1;6411
2;6388
1;6413
2;6390
1;6415
2;6392
2;6393
2;6394
1;6419
1;6420
2;6397
2;6398
1;6424
0;6493
2;6401
2;6402
2;6403
0;6497
0;6498
2;6406
0;6499
2;6408
1;6435
0;6502
2;6410
1;6437
2;6413
1;6439
1;6440
1;6441
0;6510
0;6511
2;6419
0;6513
1;6446
1;6447
0;6516
1;6449
1;6450
1;6451
1;6452
0;6521
1;6454
0;6523
2;6431
1;6457
2;6432
2;6433
0;6528
1;6461
0;6530
1;6463
0;6532
0;6533
1;6467
2;6441
2;6442
1;6470
2;6444
2;6445
2;6446
1;6475
1;6476
2;6449
2;6450
2;6451
2;6452
2;6453
2;6454
2;6455
2;6456
0;6550
0;6551
0;6552
2;6460
1;6490
1;6491
2;6462
0;6556
0;6557
1;6495
1;6496
1;6497
1;6498
2;6469
0;6563
1;6500
0;6565
1;6502
1;6503
1;6504
1;6505
1;6506
1;6507
0;6572
0;6573
1;6510
1;6511
2;6483
1;6513
1;6514
0;6579
0;6580
1;6518
2;6490
2;6491
2;6492
0;6584
2;6494
0;6587
1;6524
0;6589
2;6499
0;6591
1;6527
2;6501
1;6530
1;6531
2;6504
0;6597
0;6598
2;6507
2;6508
0;6601
2;6510
1;6541
0;6604
0;6605
0;6606
0;6607
0;6608
0;6609
2;6517
0;6612
0;6613
2;6521
1;6552
0;6616
2;6524
1;6555
2;6526
0;6620
1;6558
0;6622
2;6531
1;6561
1;6562
0;6626
0;6627
0;6628
0;6629
0;6630
0;6631
1;6569
0;6633
1;6571
0;6635
0;6636
1;6574
1;6575
2;6546
2;6547
1;6578
1;6579
1;6580
2;6551
2;6552
0;6647
2;6554
2;6555
2;6556
2;6557
0;6652
2;6559
0;6654
0;6655
0;6656
0;6657
0;6658
0;6659
1;6595
2;6567
0;6662
2;6569
0;6664
1;6600
1;6601
0;6667
2;6575
2;6576
2;6577
2;6578
2;6579
2;6580
2;6581
1;6611
1;6612
1;6613
1;6614
2;6585
0;6680
1;6617
1;6618
0;6683
0;6684
1;6621
1;6622
2;6593
1;6625
1;6626
2;6597
2;6598
0;6691
0;6692
2;6601
2;6602
0;6695
0;6696
0;6697
0;6698
0;6699
0;6700
1;6639
2;6609
1;6641
1;6642
1;6643
1;6644
2;6614
2;6615
1;6647
1;6648
1;6649
1;6650
0;6712
2;6621
1;6653
1;6654
1;6655
1;6656
1;6657
2;6627
0;6720
0;6721
0;6722
2;6630
2;6631
1;6665
1;6666
1;6667
1;6668
2;6636
0;6730
0;6731
1;6673
2;6639
0;6735
0;6736
0;6737
1;6678
2;6644
0;6740
2;6646
0;6742
2;6648
0;6744
0;6745
0;6746
2;6653
0;6748
2;6655
0;6750
0;6751
1;6691
1;6692
1;6693
1;6694
1;6695
1;6696
1;6697
2;6664
2;6665
2;6666
0;6762
1;6702
1;6703
0;6765
0;6766
0;6767
2;6673
1;6708
1;6709
1;6711
1;6712
1;6713
0;6774
1;6714
1;6716
1;6717
0;6778
1;6719
1;6721
1;6722
1;6723
0;6782
2;6687
2;6688
0;6785
0;6786
2;6691
0;6788
2;6693
2;6694
2;6695
1;6735
2;6697
0;6793
0;6794
0;6795
2;6701
2;6702
2;6703
2;6704
2;6705
0;6802
1;6746
1;6747
1;6748
0;6806
1;6750
1;6751
1;6752
0;6810
2;6715
1;6755
0;6813
2;6719
2;6720
1;6759
0;6816
2;6723
0;6818
1;6763
1;6764
0;6821
1;6766
0;6823
1;6767
1;6768
1;6769
1;6770
1;6771
0;6829
1;6773
0;6831
0;6832
0;6833
2;6741
2;6742
1;6780
2;6745
2;6746
0;6839
1;6784
0;6841
0;6842
1;6787
0;6844
1;6789
2;6753
1;6791
2;6755
2;6756
2;6757
1;6795
2;6759
0;6854
1;6798
0;6856
0;6857
0;6858
2;6765
2;6766
2;6767
2;6768
2;6769
1;6807
1;6809
0;6865
0;6867
2;6773
1;6812
1;6813
1;6814
0;6872
0;6873
1;6817
0;6875
2;6781
0;6877
1;6821
0;6879
1;6823
0;6881
1;6824
2;6788
2;6789
2;6790
2;6791
0;6888
0;6889
2;6794
1;6832
2;6796
2;6797
2;6798
1;6837
2;6800
0;6897
0;6898
0;6899
1;6842
2;6804
2;6805
2;6806
2;6807
1;6847
2;6809
2;6810
2;6811
2;6812
2;6813
2;6814
1;6855
1;6856
1;6857
1;6858
0;6916
2;6820
1;6861
1;6862
1;6863
1;6864
0;6922
0;6923
0;6924
0;6925
1;6869
1;6870
1;6871
1;6872
1;6873
1;6874
1;6875
1;6876
2;6837
0;6934
0;6935
0;6936
2;6842
2;6843
2;6844
2;6845
1;6886
1;6887
0;6943
0;6944
1;6890
1;6891
1;6892
1;6893
0;6949
0;6950
0;6951
0;6952
2;6859
1;6899
2;6861
1;6901
2;6863
2;6864
0;6958
0;6959
2;6867
2;6868
2;6869
2;6870
0;6964
0;6965
2;6873
0;6967
2;6875
0;6969
2;6877
2;6878
0;6972
0;6973
2;6881
2;6882
0;6976
0;6977
2;6885
0;6979
2;6888
2;6889
1;6927
2;6890
0;6984
0;6985
2;6894
1;6933
0;6989
1;6935
1;6936
2;6899
2;6900
1;6938
1;6939
0;6997
2;6904
2;6905
1;6943
1;6944
1;6945
0;7003
2;6909
2;6910
2;6911
2;6912
2;6913
1;6952
2;6916
1;6954
1;6955
1;6956
1;6957
2;6920
1;6960
1;6961
1;6962
1;6963
1;6964
2;6926
2;6927
2;6928
1;6967
1;6969
2;6931
1;6971
2;6933
1;6973
0;7029
2;6936
0;7031
1;6978
0;7033
1;6980
1;6981
0;7036
1;6984
2;6944
0;7039
0;7040
0;7041
1;6988
2;6949
0;7044
0;7045
0;7046
1;6993
2;6954
2;6955
2;6956
0;7051
0;7052
0;7053
0;7054
0;7055
2;6961
1;7004
0;7059
2;6964
0;7061
0;7062
2;6967
0;7064
2;6969
1;7013
2;6971
0;7068
0;7069
2;6974
0;7071
0;7072
0;7073
1;7021
1;7022
2;6979
1;7025
1;7026
1;7027
0;7080
0;7081
2;6986
0;7082
0;7083
0;7084
0;7085
0;7086
1;7036
1;7037
1;7038
1;7039
2;6995
0;7092
2;6997
1;7043
1;7044
1;7045
1;7046
1;7047
0;7099
0;7100
0;7101
0;7102
1;7052
1;7053
1;7054
2;7009
2;7010
2;7012
1;7058
2;7013
0;7110
2;7015
2;7016
0;7113
0;7114
2;7019
1;7066
1;7067
1;7068
0;7119
2;7024
2;7025
0;7123
1;7074
1;7075
2;7030
1;7077
0;7128
0;7129
2;7034
0;7131
2;7036
0;7133
0;7134
2;7038
0;7136
0;7137
2;7041
2;7042
2;7043
0;7141
0;7142
0;7143
0;7144
2;7048
0;7146
2;7050
2;7051
1;7099
1;7100
0;7152
0;7153
1;7102
1;7103
2;7058
1;7105
2;7060
2;7061
0;7159
0;7160
1;7110
1;7111
0;7163
0;7164
0;7165
2;7068
2;7069
2;7070
1;7118
1;7120
0;7172
0;7173
0;7174
0;7175
0;7176
2;7078
1;7126
0;7179
1;7128
2;7082
0;7182
1;7131
1;7132
1;7133
0;7187
2;7088
0;7189
2;7090
1;7138
2;7092
0;7193
1;7141
2;7096
2;7097
2;7098
2;7099
1;7145
2;7101
0;7201
1;7148
2;7104
2;7105
1;7151
2;7107
1;7153
0;7207
0;7208
0;7209
1;7158
0;7211
0;7212
2;7116
2;7117
2;7118
2;7119
2;7120
2;7121
2;7122
2;7123
2;7124
1;7170
1;7171
1;7172
0;7225
0;7226
0;7227
0;7228
0;7229
0;7230
0;7231
2;7136
2;7137
0;7234
1;7183
0;7236
2;7141
2;7142
0;7239
1;7187
2;7144
1;7190
1;7191
1;7192
1;7193
0;7247
1;7195
1;7196
0;7250
2;7153
1;7200
2;7155
0;7254
0;7255
1;7204
1;7205
0;7258
0;7259
1;7209
2;7162
2;7163
0;7263
0;7264
2;7166
2;7167
0;7268
2;7169
0;7270
2;7171
1;7220
1;7221
2;7174
0;7275
0;7276
1;7225
0;7278
1;7227
0;7280
1;7230
2;7181
2;7182
2;7183
2;7184
0;7286
0;7287
1;7237
1;7238
0;7290
0;7291
0;7292
0;7293
0;7294
1;7244
1;7245
1;7246
1;7247
1;7248
1;7249
1;7250
1;7251
1;7252
1;7253
1;7254
1;7255
1;7256
1;7257
1;7258
0;7310
0;7311
1;7261
0;7313
0;7314
1;7264
0;7316
0;7317
0;7318
0;7319
2;7219
2;7220
2;7221
1;7273
1;7274
1;7275
2;7225
0;7326
2;7227
2;7228
2;7229
2;7230
2;7231
0;7331
0;7332
0;7333
0;7334
1;7288
0;7336
0;7337
2;7240
2;7241
2;7242
1;7293
0;7341
0;7342
2;7247
2;7248
0;7345
1;7299
1;7300
1;7301
1;7302
1;7303
2;7254
1;7305
2;7256
0;7354
2;7258
1;7309
0;7358
0;7359
1;7312
2;7263
1;7314
1;7315
2;7267
1;7317
0;7366
1;7319
2;7270
0;7369
0;7370
2;7273
1;7324
1;7325
1;7326
2;7277
2;7278
2;7279
2;7280
1;7330
1;7331
2;7284
2;7285
2;7286
1;7334
0;7385
2;7289
2;7290
2;7291
0;7389
0;7390
0;7391
0;7392
0;7393
0;7394
0;7395
0;7396
1;7348
1;7349
1;7350
0;7399
2;7304
2;7305
0;7402
0;7403
2;7308
0;7405
0;7406
0;7407
0;7408
0;7409
2;7314
2;7316
0;7411
1;7365
2;7319
2;7320
2;7321
2;7322
2;7323
2;7324
1;7373
0;7421
2;7327
2;7328
1;7377
2;7330
1;7378
0;7427
1;7381
0;7430
0;7431
0;7432
0;7433
0;7434
2;7339
2;7340
1;7388
1;7389
1;7390
2;7345
2;7346
1;7393
2;7348
1;7395
2;7350
2;7351
2;7352
2;7353
1;7399
1;7400
2;7356
1;7402
1;7403
2;7359
1;7405
2;7361
1;7407
0;7458
2;7365
0;7460
2;7367
2;7368
2;7369
2;7370
2;7371
1;7415
2;7373
0;7467
1;7418
2;7377
1;7420
2;7379
2;7380
2;7381
1;7425
0;7475
0;7476
0;7477
2;7386
2;7387
2;7388
2;7389
1;7433
1;7434
2;7392
2;7393
1;7437
1;7438
0;7488
2;7397
0;7490
1;7442
1;7443
1;7444
1;7445
1;7446
0;7496
0;7497
0;7498
1;7450
1;7451
0;7501
0;7502
0;7503
0;7504
1;7456
0;7506
0;7507
1;7458
0;7509
2;7418
0;7511
2;7420
2;7421
0;7513
0;7514
1;7466
1;7467
2;7426
2;7427
1;7470
1;7471
1;7472
1;7473
1;7474
2;7433
0;7527
0;7528
2;7436
2;7437
2;7438
0;7532
2;7440
2;7441
0;7535
2;7443
2;7444
0;7538
0;7539
2;7446
0;7541
1;7493
2;7450
2;7451
0;7544
2;7453
2;7454
1;7499
2;7457
1;7501
0;7549
1;7502
2;7461
2;7462
1;7505
0;7555
0;7556
0;7557
0;7558
1;7509
0;7560
0;7561
0;7562
0;7563
1;7514
0;7565
1;7516
1;7517
2;7478
0;7569
0;7570
0;7571
0;7572
2;7483
1;7524
0;7576
2;7486
2;7487
2;7488
1;7529
0;7581
1;7531
1;7532
1;7533
1;7534
1;7535
1;7536
0;7589
2;7498
2;7499
2;7500
0;7593
0;7594
1;7545
1;7546
1;7547
1;7548
0;7598
0;7599
1;7551
1;7552
1;7553
1;7554
1;7555
1;7556
2;7515
1;7558
1;7559
1;7560
2;7519
1;7561
0;7611
0;7612
0;7613
0;7614
2;7524
2;7525
0;7618
0;7619
0;7620
0;7621
2;7530
0;7623
0;7624
2;7534
0;7626
1;7577
0;7628
2;7538
0;7630
0;7631
2;7540
0;7634
2;7542
0;7636
1;7586
0;7638
0;7639
0;7640
1;7589
1;7590
2;7550
1;7592
2;7552
2;7553
2;7554
1;7596
1;7597
0;7652
0;7653
0;7654
0;7655
0;7656
2;7561
2;7562
1;7605
1;7606
1;7607
0;7662
0;7663
0;7664
2;7569
2;7570
2;7571
2;7572
2;7573
0;7670
2;7576
2;7577
2;7578
1;7620
1;7621
1;7622
1;7623
0;7678
1;7625
1;7626
1;7627
0;7683
1;7629
2;7590
2;7591
2;7592
1;7633
1;7634
1;7635
2;7596
0;7692
0;7693
0;7694
0;7695
1;7640
0;7697
1;7642
1;7643
2;7604
2;7605
1;7647
1;7648
1;7649
1;7650
1;7651
0;7706
0;7707
2;7613
2;7614
0;7711
1;7658
2;7617
2;7618
2;7619
2;7620
0;7718
2;7623
0;7720
1;7665
1;7666
1;7667
1;7668
1;7669
1;7670
0;7728
0;7729
0;7730
0;7731
0;7732
0;7733
1;7676
1;7677
1;7678
1;7679
1;7680
2;7643
1;7682
1;7683
1;7684
2;7647
2;7648
0;7746
0;7747
2;7651
1;7690
2;7653
0;7751
1;7693
2;7656
0;7755
1;7696
2;7659
2;7660
0;7759
1;7700
0;7761
1;7703
2;7665
1;7705
1;7706
1;7707
1;7708
0;7767
2;7671
2;7672
1;7711
1;7712
1;7713
2;7676
1;7715
0;7775
0;7776
0;7777
0;7778
0;7779
1;7721
1;7722
0;7782
2;7687
2;7688
2;7689
1;7726
0;7787
2;7692
0;7789
2;7694
2;7695
2;7696
2;7697
1;7735
0;7795
0;7796
1;7737
1;7738
1;7739
0;7801
0;7802
0;7803
0;7804
0;7805
2;7708
1;7746
1;7747
1;7748
1;7749
0;7811
0;7812
2;7716
1;7753
2;7718
2;7719
0;7817
0;7818
0;7819
2;7723
2;7724
0;7822
0;7823
1;7764
1;7765
2;7729
1;7768
0;7828
2;7732
0;7829
0;7830
1;7772
2;7735
2;7736
2;7737
0;7835
0;7836
2;7740
2;7741
2;7742
0;7841
1;7783
2;7745
2;7746
2;7747
2;7748
2;7749
0;7847
1;7789
2;7753
1;7791
0;7851
1;7793
0;7853
1;7795
1;7796
0;7856
0;7857
0;7858
0;7859
1;7801
1;7802
2;7766
2;7767
1;7805
1;7806
2;7770
2;7771
2;7772
2;7773
2;7774
2;7775
2;7776
2;7777
2;7778
1;7816
1;7817
1;7818
1;7819
2;7783
2;7784
2;7785
0;7881
1;7823
2;7788
2;7789
2;7790
2;7791
1;7828
1;7829
1;7830
1;7831
0;7892
1;7833
0;7893
0;7894
1;7836
0;7896
0;7897
2;7803
0;7899
2;7805
1;7842
2;7806
2;7807
2;7808
0;7905
0;7906
0;7907
1;7849
1;7850
0;7911
0;7912
0;7913
0;7914
0;7915
0;7916
2;7820
1;7859
0;7919
1;7861
1;7862
1;7864
1;7865
0;7923
2;7827
2;7828
2;7829
0;7927
0;7928
2;7831
2;7832
2;7833
2;7834
1;7877
1;7878
1;7879
2;7838
2;7839
2;7840
0;7939
2;7842
2;7843
2;7844
2;7845
2;7846
2;7847
2;7848
2;7849
2;7850
2;7851
2;7852
1;7895
2;7854
2;7855
2;7856
2;7857
1;7900
2;7859
0;7958
0;7959
0;7960
2;7863
0;7962
1;7907
0;7964
1;7909
1;7910
1;7911
1;7912
0;7968
0;7970
0;7971
1;7915
2;7875
0;7974
0;7975
0;7976
1;7920
2;7880
0;7979
1;7923
1;7924
1;7925
0;7983
0;7985
0;7986
2;7889
0;7987
2;7891
2;7892
2;7893
2;7894
0;7992
0;7993
2;7897
1;7937
0;7995
0;7996
1;7941
2;7902
2;7904
1;7943
1;7944
1;7945
1;7946
1;7947
1;7948
1;7949
1;7950
1;7951
1;7952
2;7914
2;7915
2;7916
0;8012
2;7919
2;7920
2;7921
2;7922
1;7961
2;7924
2;7925
0;8020
2;7926
1;7966
1;7967
1;7968
0;8024
1;7971
1;7972
1;7973
2;7935
2;7936
2;7937
2;7938
0;8033
1;7979
1;7980
1;7981
0;8037
0;8038
1;7984
1;7985
1;7986
1;7987
1;7988
2;7949
2;7950
0;8047
1;7992
1;7993
1;7994
0;8050
2;7956
2;7957
1;7999
1;8000
0;8055
0;8056
0;8057
0;8058
2;7964
2;7965
1;8006
2;7967
2;7968
2;7969
0;8065
0;8066
0;8068
0;8069
0;8070
1;8016
1;8017
0;8072
2;7978
2;7979
2;7980
2;7981
0;8078
0;8079
0;8080
0;8081
0;8082
0;8083
0;8084
0;8085
0;8086
1;8032
1;8033
1;8034
1;8035
1;8036
1;8037
2;7998
2;7999
1;8040
0;8096
0;8097
2;8003
0;8099
1;8045
1;8046
2;8007
2;8009
1;8049
1;8051
0;8105
0;8106
2;8013
2;8014
0;8109
0;8110
1;8058
1;8059
2;8019
0;8114
0;8115
1;8062
2;8023
2;8024
1;8066
0;8119
0;8120
0;8121
0;8122
0;8123
0;8124
0;8125
2;8033
2;8034
2;8035
0;8129
2;8037
2;8038
1;8079
1;8080
1;8081
1;8082
2;8043
2;8044
2;8045
2;8046
2;8047
2;8048
0;8141
0;8142
0;8143
1;8092
0;8146
1;8095
2;8055
2;8056
2;8057
0;8150
0;8151
0;8152
0;8153
2;8061
1;8103
2;8063
2;8064
2;8065
0;8160
0;8161
1;8109
2;8068
0;8164
1;8111
0;8166
2;8073
2;8075
2;8076
2;8077
2;8078
1;8118
0;8172
0;8173
1;8121
2;8083
0;8176
0;8177
0;8178
0;8179
0;8180
0;8181
0;8182
0;8183
0;8184
2;8093
2;8094
1;8134
2;8096
2;8097
1;8137
2;8099
2;8100
0;8193
1;8142
1;8143
1;8144
1;8145
1;8146
1;8147
1;8148
2;8109
0;8202
0;8203
0;8204
0;8205
2;8114
2;8115
1;8157
2;8117
0;8210
2;8119
2;8120
1;8161
1;8162
1;8163
1;8164
0;8217
2;8127
2;8128
2;8129
2;8130
2;8131
2;8132
2;8133
1;8171
1;8172
2;8136
1;8174
1;8175
1;8176
0;8231
2;8141
0;8233
1;8179
0;8235
1;8181
1;8182
2;8147
0;8239
0;8240
0;8242
0;8243
1;8189
0;8245
1;8191
1;8192
0;8247
2;8158
2;8159
0;8250
2;8161
2;8162
2;8163
2;8164
2;8165
1;8202
2;8167
2;8168
0;8259
0;8260
0;8261
2;8172
0;8263
1;8210
1;8211
2;8177
2;8178
1;8214
1;8215
1;8216
2;8182
1;8218
2;8184
1;8220
1;8221
2;8188
2;8190
2;8192
1;8226
2;8195
2;8196
2;8197
1;8232
2;8200
1;8235
1;8236
1;8238
2;8206
1;8241
2;8209
1;8244
1;8245
2;8214
1;8248
1;8250
1;8252
2;8221
1;8255
1;8257
2;8225
1;8260
2;8228
2;8230
1;8265
2;8233
1;8268
2;8236
2;8237
2;8240
1;8273
2;8244
2;8249
2;8252
2;8255
2;8258
2;8261
2;8263
2;8266
2;8269
2;8272