
0;3
0;6
0;9
0;12
0;15
0;18
0;21
0;24
0;27
0;30
0;33
0;36
0;39
0;42
0;45
0;48
0;51
0;54
0;57
0;60
0;63
0;66
0;69
0;72
0;75
0;78
0;81
0;84
0;87
0;90
0;93
0;96
0;99
0;102
0;105
0;108
0;111
0;114
0;117
0;120
0;123
0;126
0;129
0;132
0;135
0;138
0;141
0;144
0;147
0;150
0;153
0;156
0;159
0;162
0;165
0;168
0;171
0;174
0;177
0;180
0;183
0;186
0;189
0;192
0;195
0;198
0;201
0;204
0;207
0;210
0;213
0;216
0;219
0;222
0;225
0;228
0;231
0;234
0;237
0;240
0;243
0;246
0;249
0;252
0;255
0;258
0;261
0;264
0;267
0;270
0;273
0;276
0;279
0;282
0;285
0;288
0;291
0;294
0;297
0;300
0;303
0;306
0;309
0;312
0;315
0;318
0;321
0;324
0;327
0;330
0;333
0;336
0;339
0;342
0;345
0;348
0;351
0;354
0;357
0;360
0;363
0;366
0;369
0;372
0;375
0;378
0;381
0;384
0;387
0;390
0;393
0;396
0;399
0;402
0;405
0;408
0;411
0;414
0;417
0;420
0;423
0;426
0;429
0;432
0;435
0;438
0;441
0;444
0;447
0;450
0;453
0;456
0;459
0;462
0;465
0;468
0;471
0;474
0;477
0;480
0;483
0;486
0;489
0;492
0;495
0;498
0;501
0;504
0;507
0;510
0;513
0;516
0;519
0;522
0;525
0;528
0;531
0;534
0;537
0;540
0;543
0;546
0;549
0;552
0;555
0;558
0;561
0;564
0;567
0;570
0;573
0;576
0;579
0;582
0;585
0;587
0;589
0;591
0;593
0;595
0;597
0;599
0;601
0;603
0;605
0;607
0;609
0;611
0;613
0;615
0;617
0;619
0;621
0;623
0;625
0;627
0;629
0;631
0;633
0;635
0;637
0;639
0;641
0;643
0;645
0;648
0;649
0;651
0;654
0;656
0;657
0;660
0;661
0;663
0;665
0;667
0;669
0;671
0;673
0;675
0;677
0;679
0;681
0;683
0;685
0;687
0;689
0;691
0;693
0;695
0;697
0;699
0;702
0;704
0;706
0;708
0;710
0;712
0;714
0;716
0;718
0;720
0;722
0;724
0;726
0;728
0;730
0;732
0;734
0;736
0;738
0;740
0;742
0;744
0;747
0;749
0;751
0;752
0;755
0;756
0;759
0;760
0;762
0;764
0;766
0;768
0;770
0;772
0;774
0;776
0;778
0;780
0;782
0;784
0;786
0;788
0;790
0;792
0;794
0;796
0;798
0;800
0;802
0;804
0;806
0;809
0;811
0;813
0;814
0;816
0;818
0;820
0;822
0;824
0;826
0;828
0;830
0;832
0;834
0;837
0;838
0;840
0;842
0;844
0;846
0;848
0;850
0;852
0;854
0;856
0;858
0;860
0;862
0;864
0;866
0;868
0;870
0;871
0;873
0;876
0;878
0;880
0;882
0;884
0;886
0;888
0;890
0;892
0;894
0;896
0;898
0;900
0;902
0;904
0;906
0;908
0;910
0;912
0;914
0;916
0;918
0;920
0;921
0;923
0;926
0;927
0;929
0;932
0;934
0;936
0;938
0;940
0;942
0;944
0;946
0;948
0;949
0;951
0;953
0;955
0;957
0;959
0;961
0;963
0;965
0;967
0;969
0;971
0;973
0;975
0;977
0;979
0;981
0;983
0;986
0;987
0;989
0;991
0;993
0;995
0;997
0;999
0;1001
0;1003
0;1005
0;1008
0;1009
0;1012
0;1014
0;1015
0;1017
0;1020
0;1022
0;1024
0;1026
0;1028
0;1030
0;1032
0;1034
0;1036
0;1038
0;1040
0;1042
0;1044
0;1046
0;1048
0;1050
0;1052
0;1054
0;1056
0;1058
0;1060
0;1062
0;1064
0;1066
0;1068
0;1069
0;1072
0;1073
0;1075
0;1077
0;1080
0;1082
0;1084
0;1085
0;1087
0;1089
0;1091
0;1093
0;1095
0;1097
0;1099
0;1101
0;1103
0;1105
0;1107
0;1109
0;1111
0;1113
0;1115
0;1117
0;1119
0;1121
0;1123
0;1125
0;1127
0;1129
0;1131
0;1133
0;1135
0;1137
0;1139
0;1141
0;1143
0;1145
0;1147
0;1149
0;1151
0;1153
0;1155
0;1157
0;1159
0;1161
0;1163
0;1165
0;1167
0;1169
0;1171
0;1173
0;1175
0;1177
0;1179
0;1181
0;1183
0;1185
0;1187
0;1189
0;1191
0;1193
0;1195
0;1197
0;1199
0;1201
0;1203
0;1205
0;1207
0;1209
0;1211
0;1213
0;1215
0;1217
0;1219
0;1221
0;1223
0;1225
0;1227
0;1229
0;1231
0;1233
0;1235
0;1237
0;1239
0;1240
0;1242
0;1244
0;1246
0;1248
0;1250
0;1252
0;1254
0;1256
0;1258
0;1260
0;1263
0;1264
0;1267
0;1268
0;1270
0;1273
0;1275
0;1277
0;1278
0;1281
0;1282
0;1285
0;1287
0;1289
0;1291
0;1293
0;1295
0;1297
0;1299
0;1301
0;1303
0;1305
0;1307
0;1309
0;1311
0;1313
0;1315
0;1317
0;1319
0;1321
0;1323
0;1325
0;1327
0;1329
0;1331
0;1333
0;1335
0;1337
0;1339
0;1342
0;1343
0;1345
0;1347
0;1350
0;1352
0;1354
0;1355
0;1357
0;1360
0;1362
0;1364
0;1366
0;1368
0;1370
0;1372
0;1374
0;1376
0;1378
0;1380
0;1382
0;1384
0;1386
0;1388
0;1390
0;1393
0;1395
0;1397
0;1399
0;1401
0;1403
0;1404
0;1406
0;1408
0;1411
0;1413
0;1415
0;1417
0;1419
0;1421
0;1423
0;1425
0;1427
0;1429
0;1431
0;1433
0;1435
0;1437
0;1439
0;1441
0;1443
0;1445
0;1447
0;1449
0;1451
0;1453
0;1455
0;1457
0;1459
0;1461
0;1463
0;1465
0;1467
0;1469
0;1471
0;1473
0;1475
0;1477
0;1479
0;1481
0;1483
0;1485
0;1487
0;1489
0;1491
0;1493
0;1495
0;1497
0;1499
0;1501
0;1503
0;1505
0;1507
0;1510
0;1511
0;1513
0;1516
0;1517
0;1520
0;1522
0;1524
0;1526
0;1527
0;1529
0;1531
0;1533
0;1535
0;1537
0;1539
0;1541
0;1543
0;1545
0;1547
0;1549
0;1552
0;1554
0;1556
0;1558
0;1560
0;1562
0;1564
0;1566
0;1568
0;1570
0;1572
0;1574
0;1577
0;1579
0;1581
0;1583
0;1585
0;1587
0;1589
0;1591
0;1593
0;1595
0;1597
0;1599
0;1602
0;1603
0;1605
0;1608
0;1610
0;1611
0;1613
0;1615
0;1617
0;1619
0;1621
0;1623
0;1625
0;1627
0;1629
0;1631
0;1633
0;1635
0;1637
0;1639
0;1642
0;1644
0;1646
0;1647
0;1650
0;1652
0;1653
0;1655
0;1657
0;1659
0;1661
0;1663
0;1665
0;1667
0;1669
0;1671
0;1674
0;1676
0;1677
0;1680
0;1681
0;1683
0;1685
0;1687
0;1690
0;1691
0;1694
0;1695
0;1697
0;1700
0;1702
0;1704
0;1706
0;1707
0;1709
0;1712
0;1714
0;1715
0;1717
0;1720
0;1721
0;1723
0;1725
0;1727
0;1729
0;1732
0;1734
0;1736
0;1738
0;1740
0;1742
0;1744
0;1746
0;1748
0;1750
0;1752
0;1754
0;1755
0;1758
0;1760
0;1761
0;1764
0;1765
0;1768
0;1769
0;1771
0;1773
0;1775
0;1777
0;1779
0;1781
0;1783
0;1785
0;1787
0;1789
0;1791
0;1793
0;1795
0;1797
0;1799
0;1801
0;1803
0;1805
0;1807
0;1809
0;1811
0;1813
0;1815
0;1817
0;1819
0;1821
0;1823
0;1825
0;1827
0;1829
0;1831
0;1833
0;1835
0;1837
0;1839
0;1841
0;1843
0;1845
0;1847
0;1849
0;1851
0;1853
0;1855
0;1857
0;1859
0;1861
0;1862
0;1865
0;1867
0;1869
0;1871
0;1873
0;1875
0;1877
0;1878
0;1881
0;1883
0;1885
0;1886
0;1888
0;1891
0;1892
0;1895
0;1896
0;1899
0;1901
0;1903
0;1904
0;1906
0;1908
0;1910
0;1912
0;1914
0;1917
0;1919
0;1920
0;1922
0;1924
0;1926
0;1928
0;1930
0;1932
0;1934
0;1936
0;1938
0;1940
0;1942
0;1944
0;1946
0;1948
0;1950
0;1951
0;1954
0;1955
0;1957
0;1959
0;1961
0;1963
0;1965
0;1967
0;1969
0;1971
0;1974
0;1976
0;1978
0;1980
0;1982
0;1984
0;1986
0;1988
0;1990
0;1991
0;1993
0;1995
0;1997
0;1999
0;2001
0;2003
0;2005
0;2007
0;2009
0;2011
0;2013
0;2015
0;2017
0;2019
0;2021
0;2023
0;2025
0;2027
0;2029
0;2031
0;2033
0;2035
0;2037
0;2039
0;2041
0;2043
0;2044
0;2047
0;2048
0;2051
0;2053
0;2055
0;2057
0;2059
0;2061
0;2063
0;2065
0;2067
0;2069
0;2071
0;2072
0;2074
0;2076
0;2079
0;2081
0;2083
0;2085
0;2087
0;2088
0;2090
0;2093
0;2094
0;2096
0;2099
0;2101
0;2102
0;2105
0;2107
0;2109
0;2111
0;2113
0;2115
0;2117
0;2119
0;2121
0;2123
0;2125
0;2127
0;2129
0;2131
0;2133
0;2134
0;2136
0;2138
0;2141
0;2143
0;2145
0;2147
0;2149
0;2151
0;2153
0;2155
0;2157
0;2158
0;2160
0;2162
0;2164
0;2167
0;2169
0;2170
0;2172
0;2174
0;2176
0;2178
0;2180
0;2182
0;2184
0;2186
0;2188
0;2190
0;2191
0;2193
0;2196
0;2197
0;2200
0;2202
0;2203
0;2206
0;2208
0;2210
0;2212
0;2214
0;2216
0;2218
0;2220
0;2222
0;2224
0;2226
0;2228
0;2230
0;2231
0;2234
0;2235
0;2238
0;2239
0;2241
0;2244
0;2246
0;2248
0;2250
0;2252
0;2254
0;2256
0;2257
0;2259
0;2261
0;2263
0;2266
0;2267
0;2269
0;2271
0;2273
0;2275
0;2277
0;2279
0;2281
0;2283
0;2285
0;2287
0;2289
0;2291
0;2293
0;2296
0;2298
0;2299
0;2301
0;2303
0;2305
0;2307
0;2309
0;2311
0;2313
0;2315
0;2317
0;2319
0;2321
0;2323
0;2325
0;2327
0;2329
0;2331
0;2333
0;2335
0;2337
0;2339
0;2341
0;2343
0;2345
0;2347
0;2348
0;2350
0;2352
0;2354
0;2356
0;2358
0;2360
0;2362
0;2364
0;2366
0;2368
0;2370
0;2372
0;2374
0;2376
0;2378
0;2380
0;2382
0;2384
0;2386
0;2388
0;2390
0;2393
0;2395
0;2397
0;2398
0;2400
0;2403
0;2404
0;2407
0;2409
0;2411
0;2413
0;2415
0;2417
0;2419
0;2421
0;2423
0;2425
0;2427
0;2429
0;2431
0;2433
0;2435
0;2437
0;2439
0;2441
0;2443
0;2445
0;2447
0;2449
0;2451
0;2453
0;2455
0;2457
0;2459
0;2461
0;2463
0;2465
0;2467
0;2469
0;2471
0;2473
0;2475
0;2477
0;2478
0;2480
0;2482
0;2484
0;2487
0;2489
0;2491
0;2493
0;2494
0;2496
0;2499
0;2501
0;2503
0;2504
0;2506
0;2508
0;2510
0;2512
0;2514
0;2516
0;2518
0;2520
0;2522
0;2524
0;2525
0;2527
0;2530
0;2532
0;2534
0;2536
0;2537
0;2539
0;2541
0;2543
0;2545
0;2547
0;2549
0;2551
0;2553
0;2555
0;2557
0;2559
0;2561
0;2563
0;2565
0;2567
0;2569
0;2571
0;2573
0;2575
0;2577
0;2580
0;2582
0;2584
0;2585
0;2588
0;2589
0;2592
0;2594
0;2596
0;2598
0;2599
0;2602
0;2603
0;2606
0;2608
0;2610
0;2612
0;2613
0;2615
0;2618
0;2620
0;2621
0;2623
0;2625
0;2627
0;2629
0;2632
0;2633
0;2636
0;2637
0;2640
0;2642
0;2644
0;2646
0;2648
0;2650
0;2652
0;2654
0;2656
0;2658
0;2660
0;2662
0;2664
0;2666
0;2668
0;2670
0;2672
0;2675
0;2677
0;2679
0;2681
0;2682
0;2684
0;2686
0;2689
0;2691
0;2692
0;2695
0;2696
0;2699
0;2700
0;2702
0;2705
0;2707
0;2709
0;2711
0;2713
0;2715
0;2717
0;2719
0;2721
0;2723
0;2725
0;2727
0;2729
0;2731
0;2733
0;2735
0;2737
0;2739
0;2741
0;2743
0;2745
0;2747
0;2749
0;2751
0;2753
0;2755
0;2757
0;2759
0;2761
0;2763
0;2765
0;2767
0;2769
0;2771
0;2773
0;2775
0;2777
0;2779
0;2781
0;2783
0;2786
0;2788
0;2790
0;2791
0;2794
0;2795
0;2797
0;2800
0;2801
0;2804
0;2806
0;2807
0;2810
0;2812
0;2814
0;2815
0;2817
0;2819
0;2821
0;2823
0;2826
0;2827
0;2830
0;2831
0;2833
0;2835
0;2837
0;2839
0;2841
0;2843
0;2845
0;2847
0;2849
0;2851
0;2853
0;2856
0;2858
0;2859
0;2862
0;2864
0;2866
0;2868
0;2870
0;2872
0;2874
0;2876
0;2878
0;2880
0;2882
0;2884
0;2886
0;2889
0;2891
0;2892
0;2894
0;2897
0;2899
0;2901
0;2903
0;2905
0;2907
0;2909
0;2911
0;2913
0;2915
0;2917
0;2919
0;2921
0;2923
0;2925
0;2927
0;2929
0;2931
0;2933
0;2935
0;2937
0;2939
0;2941
0;2943
0;2945
0;2947
0;2949
0;2951
0;2953
0;2955
0;2957
0;2959
0;2961
0;2963
0;2964
0;2967
0;2969
0;2970
0;2972
0;2974
0;2977
0;2978
0;2981
0;2983
0;2985
0;2987
0;2988
0;2991
0;2992
0;2994
0;2997
0;2998
0;3001
0;3003
0;3005
0;3007
0;3009
0;3010
0;3012
0;3015
0;3016
0;3018
0;3020
0;3022
0;3024
0;3026
0;3028
0;3030
0;3032
0;3034
0;3036
0;3038
0;3040
0;3041
0;3044
0;3046
0;3048
0;3050
0;3052
0;3054
0;3056
0;3058
0;3061
0;3063
0;3065
0;3067
0;3069
0;3071
0;3073
0;3075
0;3077
0;3079
0;3081
0;3083
0;3085
0;3087
0;3088
0;3090
0;3093
0;3094
0;3096
0;3098
0;3100
0;3102
0;3104
0;3106
0;3108
0;3110
0;3112
0;3114
0;3116
0;3118
0;3120
0;3122
0;3124
0;3126
0;3128
0;3130
0;3132
0;3134
0;3136
0;3138
0;3140
0;3142
0;3144
0;3146
0;3148
0;3150
0;3152
0;3154
0;3156
0;3158
0;3160
0;3162
0;3164
0;3166
0;3168
0;3170
0;3172
0;3174
0;3175
0;3177
0;3179
0;3181
0;3183
0;3185
0;3187
0;3189
0;3191
0;3193
0;3195
0;3197
0;3199
0;3201
0;3203
0;3205
0;3207
0;3209
0;3211
0;3213
0;3215
0;3217
0;3219
0;3221
0;3223
0;3225
0;3227
0;3229
0;3231
0;3233
0;3235
0;3237
0;3239
0;3241
0;3243
0;3245
0;3247
0;3248
0;3250
0;3252
0;3254
0;3256
0;3258
0;3260
0;3263
0;3265
0;3267
0;3269
0;3271
0;3273
0;3275
0;3277
0;3279
0;3281
0;3283
0;3285
0;3287
0;3289
0;3291
0;3293
0;3295
0;3298
0;3300
0;3301
0;3304
0;3306
0;3308
0;3310
0;3312
0;3314
0;3316
0;3318
0;3320
0;3323
0;3325
0;3327
0;3328
0;3331
0;3333
0;3335
0;3337
0;3338
0;3340
0;3343
0;3345
0;3347
0;3348
0;3350
0;3352
0;3354
0;3356
0;3359
0;3361
0;3363
0;3365
0;3367
0;3369
0;3371
0;3373
0;3375
0;3377
0;3379
0;3381
0;3383
0;3385
0;3387
0;3389
0;3391
0;3393
0;3395
0;3397
0;3399
0;3401
0;3403
0;3405
0;3407
0;3409
0;3411
0;3413
0;3415
0;3417
0;3419
0;3421
0;3423
0;3425
0;3427
0;3430
0;3432
0;3434
0;3436
0;3438
0;3440
0;3442
0;3444
0;3446
0;3448
0;3450
0;3452
0;3454
0;3456
0;3458
0;3460
0;3462
0;3464
0;3466
0;3468
0;3470
0;3472
0;3474
0;3476
0;3478
0;3480
0;3482
0;3484
0;3486
0;3488
0;3490
0;3492
0;3494
0;3496
0;3498
0;3499
0;3502
0;3503
0;3506
0;3507
0;3510
0;3511
0;3513
0;3515
0;3517
0;3520
0;3522
0;3524
0;3526
0;3528
0;3530
0;3532
0;3534
0;3536
0;3538
0;3540
0;3542
0;3544
0;3546
0;3548
0;3550
0;3552
0;3554
0;3556
0;3558
0;3560
0;3562
0;3564
0;3566
0;3568
0;3570
0;3572
0;3574
0;3576
0;3578
0;3579
0;3582
0;3583
0;3585
0;3587
0;3589
0;3591
0;3593
0;3595
0;3597
0;3599
0;3601
0;3603
0;3605
0;3607
0;3609
0;3611
0;3613
0;3614
0;3617
0;3618
0;3621
0;3622
0;3625
0;3627
0;3628
0;3630
0;3632
0;3635
0;3636
0;3638
0;3640
0;3642
0;3645
0;3646
0;3649
0;3651
0;3653
0;3654
0;3656
0;3658
0;3660
0;3662
0;3664
0;3666
0;3668
0;3670
0;3672
0;3674
0;3676
0;3678
0;3680
0;3682
0;3684
0;3686
0;3688
0;3690
0;3692
0;3694
0;3696
0;3698
0;3700
0;3702
0;3704
0;3706
0;3708
0;3710
0;3712
0;3714
0;3717
0;3718
0;3721
0;3723
0;3724
0;3727
0;3729
0;3731
0;3732
0;3734
0;3737
0;3739
0;3741
0;3742
0;3744
0;3746
0;3749
0;3750
0;3753
0;3755
0;3757
0;3759
0;3761
0;3763
0;3765
0;3767
0;3769
0;3771
0;3772
0;3774
0;3776
0;3779
0;3781
0;3783
0;3785
0;3787
0;3789
0;3791
0;3793
0;3795
0;3797
0;3799
0;3801
0;3803
0;3805
0;3807
0;3809
0;3811
0;3813
0;3815
0;3816
0;3819
0;3821
0;3823
0;3825
0;3827
0;3829
0;3831
0;3833
0;3835
0;3837
0;3839
0;3841
0;3843
0;3845
0;3847
0;3849
0;3851
0;3853
0;3855
0;3857
0;3859
0;3861
0;3863
0;3865
0;3867
0;3868
0;3870
0;3872
0;3874
0;3876
0;3878
0;3880
0;3882
0;3884
0;3886
0;3888
0;3890
0;3892
0;3894
0;3896
0;3898
0;3900
0;3902
0;3904
0;3906
0;3908
0;3910
0;3912
0;3913
0;3916
0;3918
0;3919
0;3921
0;3923
0;3925
0;3927
0;3929
0;3931
0;3933
0;3935
0;3938
0;3940
0;3941
0;3944
0;3946
0;3948
0;3950
0;3952
0;3954
0;3956
0;3958
0;3959
0;3962
0;3963
0;3965
0;3967
0;3969
0;3971
0;3973
0;3975
0;3977
0;3979
0;3981
0;3983
0;3985
0;3987
0;3989
0;3991
0;3993
0;3995
0;3997
0;3999
0;4001
0;4003
0;4005
0;4007
0;4009
0;4011
0;4014
0;4015
0;4017
0;4019
0;4021
0;4023
0;4025
0;4026
0;4028
0;4030
0;4032
0;4034
0;4036
0;4038
0;4041
0;4043
0;4045
0;4047
0;4049
0;4051
0;4053
0;4055
0;4057
0;4059
0;4061
0;4062
0;4065
0;4066
0;4068
0;4070
0;4072
0;4074
0;4076
0;4078
0;4080
0;4082
0;4084
0;4086
0;4088
0;4090
0;4092
0;4094
0;4096
0;4098
0;4100
0;4102
0;4104
0;4106
0;4108
0;4111
0;4113
0;4115
0;4117
0;4119
0;4121
0;4123
0;4125
0;4127
0;4129
0;4131
0;4133
0;4135
0;4137
0;4139
0;4141
0;4143
0;4145
0;4147
0;4149
0;4151
0;4154
0;4156
0;4158
0;4160
0;4161
0;4164
0;4165
0;4167
0;4170
0;4172
0;4174
0;4176
0;4178
0;4180
0;4182
0;4184
0;4186
0;4188
0;4190
0;4192
0;4194
0;4196
0;4198
0;4200
0;4202
0;4204
0;4206
0;4208
0;4209
0;4211
0;4213
0;4215
0;4217
0;4219
0;4221
0;4223
0;4225
0;4227
0;4229
0;4230
0;4232
0;4235
0;4237
0;4239
0;4241
0;4243
0;4244
0;4246
0;4248
0;4250
0;4252
0;4254
0;4256
0;4258
0;4260
0;4262
0;4264
0;4266
0;4268
0;4270
0;4272
0;4274
0;4276
0;4278
0;4280
0;4282
0;4284
0;4286
0;4288
0;4290
0;4292
0;4294
0;4296
0;4298
0;4300
0;4302
0;4304
0;4306
0;4308
0;4310
0;4311
0;4313
0;4315
0;4317
0;4320
0;4322
0;4324
0;4326
0;4328
0;4329
0;4331
0;4333
0;4335
0;4337
0;4339
0;4341
0;4343
0;4345
0;4347
0;4349
0;4351
0;4353
0;4355
0;4357
0;4359
0;4361
0;4363
0;4365
0;4367
0;4369
0;4371
0;4373
0;4375
0;4377
0;4379
0;4382
0;4384
0;4386
0;4388
0;4390
0;4392
0;4393
0;4395
0;4397
0;4399
0;4401
0;4404
0;4405
0;4408
0;4409
0;4411
0;4414
0;4416
0;4418
0;4420
0;4422
0;4424
0;4426
0;4428
0;4430
0;4432
0;4434
0;4436
0;4438
0;4440
0;4442
0;4444
0;4446
0;4448
0;4450
0;4452
0;4453
0;4456
0;4458
0;4460
0;4462
0;4464
0;4466
0;4468
0;4471
0;4473
0;4475
0;4477
0;4479
0;4481
0;4483
0;4485
0;4487
0;4489
0;4491
0;4493
0;4496
0;4497
0;4500
0;4502
0;4503
0;4505
0;4508
0;4510
0;4512
0;4514
0;4515
0;4518
0;4520
0;4522
0;4524
0;4526
0;4528
0;4530
0;4532
0;4534
0;4536
0;4537
0;4540
0;4542
0;4543
0;4545
0;4548
0;4550
0;4552
0;4554
0;4555
0;4557
0;4559
0;4561
0;4563
0;4565
0;4568
0;4569
0;4571
0;4573
0;4576
0;4577
0;4579
0;4581
0;4584
0;4586
0;4587
0;4589
0;4591
0;4593
0;4596
0;4597
0;4600
0;4602
0;4604
0;4605
0;4607
0;4609
0;4611
0;4613
0;4615
0;4617
0;4619
0;4621
0;4623
0;4625
0;4627
0;4629
0;4631
0;4633
0;4635
0;4637
0;4639
0;4641
0;4643
0;4645
0;4647
0;4649
0;4651
0;4653
0;4656
0;4658
0;4660
0;4661
0;4664
0;4665
0;4667
0;4670
0;4671
0;4673
0;4675
0;4677
0;4680
0;4682
0;4684
0;4686
0;4687
0;4689
0;4692
0;4693
0;4695
0;4697
0;4699
0;4702
0;4703
0;4706
0;4708
0;4710
0;4712
0;4714
0;4716
0;4718
0;4720
0;4722
0;4724
0;4726
0;4728
0;4729
0;4731
0;4734
0;4736
0;4738
0;4740
0;4742
0;4744
0;4746
0;4748
0;4749
0;4751
0;4753
0;4755
0;4757
0;4760
0;4762
0;4763
0;4765
0;4767
0;4770
0;4772
0;4774
0;4776
0;4777
0;4780
0;4781
0;4784
0;4785
0;4787
0;4790
0;4792
0;4793
0;4796
0;4797
0;4799
0;4801
0;4804
0;4805
0;4808
0;4810
0;4812
0;4814
0;4815
0;4817
0;4819
0;4821
0;4823
0;4825
0;4827
0;4829
0;4831
0;4833
0;4835
0;4837
0;4839
0;4841
0;4843
0;4845
0;4847
0;4849
0;4851
0;4853
0;4855
0;4857
0;4859
0;4861
0;4863
0;4865
0;4867
0;4869
0;4871
0;4873
0;4875
0;4877
0;4879
0;4881
0;4883
0;4885
0;4887
0;4889
0;4891
0;4893
0;4895
0;4897
0;4899
0;4901
0;4903
0;4905
0;4907
0;4909
0;4911
0;4913
0;4915
0;4917
0;4919
0;4921
0;4923
0;4925
0;4927
0;4928
0;4930
0;4932
0;4934
0;4936
0;4938
0;4940
0;4943
0;4944
0;4946
0;4948
0;4950
0;4952
0;4954
0;4956
0;4958
0;4961
0;4963
0;4965
0;4967
0;4969
0;4970
0;4972
0;4974
0;4977
0;4979
0;4981
0;4983
0;4984
0;4987
0;4989
0;4991
0;4993
0;4995
0;4997
0;4999
0;5001
0;5003
0;5005
0;5007
0;5009
0;5011
0;5014
0;5017
0;5020
0;5023
0;5026
0;5029
0;5031
0;5034
0;5037
0;5040
0;5043
0;5046
0;5050
0;5053
0;5056
0;5059
0;5062
0;5065
0;5068
0;5071
0;5074
0;5077
0;5080
0;5083
0;5086
0;5089
0;5092
0;5095
0;5099
0;5102
0;5104
0;5107
0;5111
0;5114
0;5117
0;5120
0;5123
0;5126
0;5129
0;5132
0;5135
0;5138
0;5141
0;5144
0;5147
0;5150
0;5154
0;5157
0;5159
0;5163
0;5165
0;5168
0;5171
0;5174
0;5177
0;5181
0;5183
0;5187
0;5189
0;5192
0;5195
0;5198
0;5201
0;5204
0;5207
0;5210
0;5213
0;5216
0;5219
0;5222
0;5225
0;5228
0;5231
0;5234
0;5237
0;5240
0;5243
0;5246
0;5249
0;5252
0;5255
0;5258
0;5261
0;5264
0;5267
0;5270
0;5273
0;5276
0;5279
0;5282
0;5285
0;5288
0;5291
0;5294
0;5297
0;5300
0;5303
0;5306
0;5309
0;5312
0;5315
0;5317
0;5320
0;5324
0;5326
0;5330
0;5332
0;5336
0;5338
0;5341
0;5344
0;5347
0;5350
0;5353
0;5357
0;5360
0;5362
0;5365
0;5368
0;5370
0;5373
0;5376
0;5379
0;5382
0;5385
0;5388
0;5391
0;5394
0;5397
0;5400
0;5403
0;5406
0;5409
0;5412
0;5415
0;5418
0;5421
0;5424
0;5427
0;5430
0;5433
0;5436
0;5439
0;5442
0;5445
0;5448
0;5451
0;5454
0;5457
0;5460
0;5463
0;5466
0;5469
0;5472
0;5475
0;5478
0;5481
0;5484
0;5487
0;5490
0;5493
0;5496
0;5499
0;5502
0;5505
0;5508
0;5511
0;5514
0;5517
0;5520
0;5523
0;5526
0;5529
0;5532
0;5535
0;5538
0;5541
0;5544
0;5547
0;5550
0;5553
0;5556
0;5559
0;5562
0;5565
0;5568
0;5571
0;5574
0;5577
0;5580
0;5583
0;5586
0;5589
0;5592
0;5595
0;5598
0;5601
0;5604
0;5607
0;5610
0;5613
0;5616
0;5619
0;5622
0;5625
0;5628
0;5631
0;5634
0;5637
0;5640
0;5643
0;5646
0;5649
0;5652
0;5655
0;5658
0;5661
0;5664
0;5667
0;5670
0;5673
0;5676
0;5679
0;5682
0;5685
0;5688
0;5691
0;5694
0;5697
0;5700
0;5703
0;5706
0;5709
0;5712
0;5715
0;5718
0;5721
0;5724
0;5727
0;5730
0;5733
0;5736
0;5739
0;5742
0;5745
0;5748
0;5751
0;5754
0;5757
0;5760
0;5763
0;5766
0;5769
0;5772
0;5775
0;5778
0;5781
0;5784
0;5787
0;5790
0;5793
0;5796
0;5799
0;5802
0;5805
0;5808
0;5811
0;5814
0;5817
0;5820
0;5823
0;5826
0;5829
0;5832
0;5835
0;5838
0;5841
0;5844
0;5847
0;5850
0;5853
0;5856
0;5859
0;5862
0;5865
0;5868
0;5871
0;5874
0;5877
0;5880
0;5883
0;5886
0;5889
0;5892
0;5895
0;5898
0;5901
0;5904
0;5907
0;5910
0;5913
0;5916
0;5919
0;5922
0;5925
0;5928
0;5931
0;5934
0;5937
0;5940
0;5943
0;5946
0;5949
0;5952
0;5955
0;5958
0;5961
0;5964
0;5966
0;5968
0;5971
0;5974
0;5977
0;5980
0;5983
0;5986
0;5989
0;5992
0;5995
0;5998
0;6001
0;6004
0;6007
0;6010
0;6013
0;6016
0;6019
0;6022
0;6025
0;6028
0;6031
0;6034
0;6037
0;6040
0;6043
0;6046
0;6049
0;6052
0;6055
0;6058
0;6061
0;6064
0;6067
0;6070
0;6073
0;6076
0;6079
0;6082
0;6085
0;6088
0;6091
0;6094
0;6097
0;6100
0;6103
0;6106
0;6109
0;6112
0;6115
0;6118
0;6121
0;6124
0;6127
0;6130
0;6133
0;6136
0;6139
0;6142
0;6145
0;6148
0;6151
0;6154
0;6157
0;6160
0;6163
0;6166
0;6169
0;6172
0;6175
0;6178
0;6181
0;6184
0;6187
0;6190
0;6193
0;6196
0;6199
0;6202
0;6205
0;6208
0;6211
0;6214
0;6217
0;6220
0;6223
0;6226
0;6229
0;6232
0;6235
0;6238
0;6241
0;6244
0;6247
0;6250
0;6253
0;6256
0;6259
0;6262
0;6265
0;6268
0;6271
0;6274
0;6277
0;6280
0;6283
0;6286
0;6289
0;6292
0;6295
0;6298
0;6301
0;6304
0;6307
0;6310
0;6313
0;6316
0;6319
0;6322
0;6325
0;6328
0;6331
0;6334
0;6337
0;6340
0;6343
0;6346
0;6349
0;6352
0;6355
0;6358
0;6361
0;6364
0;6367
0;6370
0;6373
0;6376
0;6379
0;6382
0;6385
0;6388
0;6391
0;6394
0;6397
0;6400
0;6403
0;6406
0;6409
0;6412
0;6415
0;6418
0;6421
0;6424
0;6427
0;6430
0;6433
0;6436
0;6439
0;6442
0;6445
0;6448
0;6451
0;6454
0;6457
0;6460
0;6463
0;6466
0;6469
0;6472
0;6475
0;6478
0;6481
0;6484
0;6487
0;6490
0;6493
0;6496
0;6499
0;6502
0;6505
0;6508
0;6511
0;6514
0;6517
0;6520
0;6523
0;6526
0;6529
0;6532
0;6535
0;6538
0;6541
0;6544
0;6547
0;6550
0;6553
0;6556
0;6559
0;6562
0;6565
0;6568
0;6571
0;6574
0;6577
0;6580
0;6583
0;6586
0;6589
0;6592
0;6595
0;6598
0;6601
0;6604
0;6607
0;6610
0;6613
0;6616
0;6619
0;6622
0;6625
0;6628
0;6631
0;6634
0;6637
0;6640
0;6643
0;6646
0;6649
0;6652
0;6655
0;6658
0;6661
0;6664
0;6667
0;6670
0;6673
0;6676
0;6679
0;6682
0;6685
0;6688
0;6691
0;6694
0;6697
0;6700
0;6703
0;6706
0;6709
0;6712
0;6715
0;6718
0;6721
0;6724
0;6727
0;6730
0;6733
0;6736
0;6739
0;6742
0;6745
0;6748
0;6751
0;6754
0;6757
0;6760
0;6763
0;6766
0;6769
0;6772
0;6775
0;6778
0;6781
0;6784
0;6787
0;6790
0;6793
0;6796
0;6799
0;6802
0;6805
0;6808
0;6811
0;6814
0;6817
0;6820
0;6823
0;6826
0;6829
0;6832
0;6835
0;6838
0;6841
0;6844
0;6847
0;6850
0;6853
0;6856
0;6859
0;6862
0;6865
0;6868
0;6871
0;6874
0;6877
0;6880
0;6883
0;6886
0;6889
0;6892
0;6895
0;6898
0;6901
0;6904
0;6907
0;6910
0;6913
0;6916
0;6919
0;6922
0;6925
0;6928
0;6931
0;6934
0;6937
0;6940
0;6943
0;6946
0;6949
0;6952
0;6955
0;6958
0;6961
0;6964
0;6967
0;6970
0;6973
0;6976
0;6979
0;6982
0;6985
0;6988
0;6991
0;6994
0;6997
0;7000
0;7003
0;7006
0;7009
0;7012
0;7015
0;7018
0;7021
0;7024
0;7027
0;7030
0;7033
0;7036
0;7039
0;7042
0;7045
0;7048
0;7051
0;7054
0;7057
0;7060
0;7063
0;7066
0;7069
0;7072
0;7075
0;7078
0;7081
0;7084
0;7087
0;7090
0;7093
0;7096
0;7099
0;7102
0;7105
0;7108
0;7111
0;7114
0;7117
0;7120
0;7123
0;7126
0;7129
0;7132
0;7135
0;7138
0;7141
0;7144
0;7147
0;7150
0;7153
0;7156
0;7159
0;7162
0;7165
0;7168
0;7171
0;7174
0;7177
0;7180
0;7183
0;7186
0;7189
0;7192
0;7195
0;7198
0;7201
0;7204
0;7207
0;7210
0;7213
0;7216
0;7219
0;7222
0;7225
0;7228
0;7231
0;7234
0;7237
0;7240
0;7243
0;7246